$JT,M,1,130,260,0,0,23,3400,254
$JT,R,s-native-v6-2-7-v76
$JT,J,0,1,1929,-1
$JT,J,1,2,2077,-1
$JT,J,2,3,1965,1
$JT,J,3,4,2089,1
$JT,J,4,5,1922,1
$JT,J,5,6,2081,-1
$JT,J,6,7,2104,-1
$JT,J,7,8,1942,-1
$JT,J,8,9,1964,1
$JT,J,9,10,1951,1
$JT,J,10,11,2255,1
$JT,J,11,12,2046,-1
$JT,P,0,12,390
$JT,C,0,5297880,5297881,1929,1554,2989,2089,2447,1056,2104,1417,2989,1951,2778,1022
$JT,C,1,5297900,5297900,1929,1554,2989,2089,2451,1048,2104,1413,2997,1951,2778,1022
$JT,C,2,5297921,5297922,1929,1554,2989,2089,2458,1033,2104,1406,3012,1951,2778,1022
$JT,C,3,5297941,5297942,1929,1554,2989,2089,2468,1015,2104,1396,3030,1951,2778,1022
$JT,C,4,5297961,5297962,1929,1554,2989,2089,2478,997,2104,1386,3048,1951,2778,1022
$JT,C,5,5297981,5297982,1929,1554,2989,2089,2485,984,2104,1379,3061,1951,2778,1022
$JT,C,6,5298000,5298000,1929,1554,2989,2089,2490,977,2104,1374,3068,1951,2778,1022
$JT,C,7,5298020,5298020,1929,1554,2989,2089,2490,976,2104,1374,3069,1951,2778,1022
$JT,C,8,5298038,5298039,1929,1554,2989,2089,2490,976,2104,1374,3069,1951,2778,1022
$JT,C,9,5298058,5298059,1929,1554,2989,2089,2490,976,2104,1374,3069,1951,2778,1022
$JT,C,10,5298078,5298079,1929,1554,2989,2089,2490,976,2104,1374,3069,1951,2778,1022
$JT,C,11,5298098,5298099,1929,1554,2989,2089,2490,976,2104,1374,3069,1951,2778,1022
$JT,P,12,12,390
$JT,C,12,5298118,5298119,1929,1554,2989,2089,2490,976,2104,1374,3069,1951,2778,1022
$JT,C,13,5298138,5298139,1929,1554,2989,2089,2490,976,2104,1374,3069,1951,2778,1022
$JT,C,14,5298158,5298159,1929,1554,2989,2089,2490,976,2104,1374,3069,1951,2778,1022
$JT,C,15,5298178,5298179,1929,1554,2989,2089,2490,976,2104,1374,3069,1951,2778,1022
$JT,C,16,5298198,5298199,1929,1554,2989,2089,2490,976,2104,1374,3069,1951,2778,1022
$JT,C,17,5298218,5298219,1929,1554,2989,2089,2490,976,2104,1374,3069,1951,2778,1022
$JT,C,18,5298240,5298240,1929,1554,2989,2089,2490,977,2104,1374,3068,1951,2778,1022
$JT,C,19,5298260,5298260,1929,1554,2989,2089,2487,981,2104,1377,3064,1951,2778,1022
$JT,C,20,5298280,5298280,1929,1554,2989,2089,2483,990,2104,1381,3055,1951,2778,1022
$JT,C,21,5298301,5298302,1929,1554,2989,2089,2476,1002,2104,1388,3043,1951,2778,1022
$JT,C,22,5298321,5298322,1929,1554,2989,2089,2468,1017,2104,1396,3028,1951,2778,1022
$JT,C,23,5298341,5298342,1929,1554,2989,2089,2459,1031,2104,1405,3014,1951,2778,1022
$JT,P,24,12,390
$JT,C,24,5298360,5298360,1929,1554,2989,2089,2452,1043,2104,1412,3002,1951,2778,1022
$JT,C,25,5298380,5298380,1929,1554,2989,2089,2448,1052,2104,1416,2993,1951,2778,1022
$JT,C,26,5298400,5298400,1929,1554,2989,2089,2445,1056,2104,1419,2989,1951,2778,1022
$JT,C,27,5298420,5298420,1929,1554,2989,2089,2445,1057,2104,1419,2988,1951,2778,1022
$JT,C,28,5298438,5298439,1929,1554,2989,2089,2445,1057,2104,1419,2988,1951,2778,1022
$JT,C,29,5298458,5298459,1929,1554,2989,2089,2445,1057,2104,1419,2988,1951,2778,1022
$JT,C,30,5298478,5298479,1929,1554,2989,2089,2445,1057,2104,1419,2988,1951,2778,1022
$JT,C,31,5298498,5298499,1929,1554,2989,2089,2445,1057,2104,1419,2988,1951,2778,1022
$JT,C,32,5298518,5298519,1929,1554,2989,2089,2445,1057,2104,1419,2988,1951,2778,1022
$JT,C,33,5298538,5298539,1929,1554,2989,2089,2445,1057,2104,1419,2988,1951,2778,1022
$JT,C,34,5298558,5298559,1929,1554,2989,2089,2445,1057,2104,1419,2988,1951,2778,1022
$JT,C,35,5298578,5298579,1929,1554,2989,2089,2445,1057,2104,1419,2988,1951,2778,1022
$JT,P,36,12,390
$JT,C,36,5298598,5298599,1929,1554,2989,2089,2445,1057,2104,1419,2988,1951,2778,1022
$JT,C,37,5298618,5298619,1929,1554,2989,2089,2445,1057,2104,1419,2988,1951,2778,1022
$JT,C,38,5298638,5298639,1929,1554,2989,2089,2445,1057,2104,1419,2988,1951,2778,1022
$JT,C,39,5298658,5298659,1929,1554,2989,2089,2445,1057,2104,1419,2988,1951,2778,1022
$JT,C,40,5298680,5298680,1929,1552,2991,2089,2445,1057,2104,1419,2988,1951,2780,1020
$JT,C,41,5298700,5298700,1929,1548,2998,2089,2445,1057,2104,1419,2988,1951,2784,1013
$JT,C,42,5298721,5298722,1929,1541,3013,2089,2445,1057,2104,1419,2988,1951,2791,998
$JT,C,43,5298741,5298742,1929,1531,3031,2089,2445,1057,2104,1419,2988,1951,2801,980
$JT,C,44,5298761,5298762,1929,1521,3049,2089,2445,1057,2104,1419,2988,1951,2811,962
$JT,C,45,5298781,5298782,1929,1514,3062,2089,2445,1057,2104,1419,2988,1951,2818,949
$JT,C,46,5298800,5298800,1929,1509,3069,2089,2445,1057,2104,1419,2988,1951,2823,942
$JT,C,47,5298820,5298820,1929,1509,3070,2089,2445,1057,2104,1419,2988,1951,2823,941
$JT,P,48,12,390
$JT,C,48,5298838,5298839,1929,1509,3070,2089,2445,1057,2104,1419,2988,1951,2823,941
$JT,C,49,5298858,5298859,1929,1509,3070,2089,2445,1057,2104,1419,2988,1951,2823,941
$JT,C,50,5298878,5298879,1929,1509,3070,2089,2445,1057,2104,1419,2988,1951,2823,941
$JT,C,51,5298898,5298899,1929,1509,3070,2089,2445,1057,2104,1419,2988,1951,2823,941
$JT,C,52,5298918,5298919,1929,1509,3070,2089,2445,1057,2104,1419,2988,1951,2823,941
$JT,C,53,5298938,5298939,1929,1509,3070,2089,2445,1057,2104,1419,2988,1951,2823,941
$JT,C,54,5298958,5298959,1929,1509,3070,2089,2445,1057,2104,1419,2988,1951,2823,941
$JT,C,55,5298978,5298979,1929,1509,3070,2089,2445,1057,2104,1419,2988,1951,2823,941
$JT,C,56,5298998,5298999,1929,1509,3070,2089,2445,1057,2104,1419,2988,1951,2823,941
$JT,C,57,5299018,5299019,1929,1509,3070,2089,2445,1057,2104,1419,2988,1951,2823,941
$JT,C,58,5299040,5299040,1929,1509,3069,2089,2445,1057,2104,1419,2988,1951,2823,942
$JT,C,59,5299060,5299060,1929,1512,3065,2089,2445,1057,2104,1419,2988,1951,2820,946
$JT,P,60,12,390
$JT,C,60,5299080,5299080,1929,1516,3056,2089,2445,1057,2104,1419,2988,1951,2816,955
$JT,C,61,5299101,5299102,1929,1523,3044,2089,2445,1057,2104,1419,2988,1951,2809,967
$JT,C,62,5299121,5299122,1929,1531,3029,2089,2445,1057,2104,1419,2988,1951,2801,982
$JT,C,63,5299141,5299142,1929,1540,3015,2089,2445,1057,2104,1419,2988,1951,2792,996
$JT,C,64,5299160,5299160,1929,1547,3003,2089,2445,1057,2104,1419,2988,1951,2785,1008
$JT,C,65,5299180,5299180,1929,1551,2994,2089,2445,1057,2104,1419,2988,1951,2781,1017
$JT,C,66,5299200,5299200,1929,1554,2990,2089,2445,1057,2104,1419,2988,1951,2778,1021
$JT,C,67,5299220,5299220,1929,1554,2989,2089,2445,1057,2104,1419,2988,1951,2778,1022
$JT,C,68,5299238,5299239,1929,1554,2989,2089,2445,1057,2104,1419,2988,1951,2778,1022
$JT,C,69,5299258,5299259,1929,1554,2989,2089,2445,1057,2104,1419,2988,1951,2778,1022
$JT,C,70,5299278,5299279,1929,1554,2989,2089,2445,1057,2104,1419,2988,1951,2778,1022
$JT,C,71,5299298,5299299,1929,1554,2989,2089,2445,1057,2104,1419,2988,1951,2778,1022
$JT,P,72,12,390
$JT,C,72,5299318,5299319,1929,1554,2989,2089,2445,1057,2104,1419,2988,1951,2778,1022
$JT,C,73,5299338,5299339,1929,1554,2989,2089,2445,1057,2104,1419,2988,1951,2778,1022
$JT,C,74,5299358,5299359,1929,1554,2989,2089,2445,1057,2104,1419,2988,1951,2778,1022
$JT,C,75,5299378,5299379,1929,1554,2989,2089,2445,1057,2104,1419,2988,1951,2778,1022
$JT,C,76,5299398,5299399,1929,1554,2989,2089,2445,1057,2104,1419,2988,1951,2778,1022
$JT,C,77,5299418,5299419,1929,1554,2989,2089,2445,1057,2104,1419,2988,1951,2778,1022
$JT,C,78,5299438,5299439,1929,1554,2989,2089,2445,1057,2104,1419,2988,1951,2778,1022
$JT,C,79,5299458,5299459,1929,1554,2989,2089,2445,1057,2104,1419,2988,1951,2778,1022
$JT,C,80,5299476,5299476,1929,1554,2989,2089,2445,1057,2104,1419,2988,1951,2778,1022
$JT,C,81,5299496,5299496,1929,1554,2989,2089,2445,1057,2104,1419,2988,1951,2778,1022
$JT,C,82,5299516,5299516,1929,1554,2989,2089,2445,1057,2104,1419,2988,1951,2778,1022
$JT,C,83,5299536,5299536,1929,1554,2989,2089,2445,1057,2104,1419,2988,1951,2778,1022
$JT,P,84,12,390
$JT,C,84,5299556,5299556,1929,1554,2989,2089,2445,1057,2104,1419,2988,1951,2778,1022
$JT,C,85,5299576,5299576,1929,1554,2989,2089,2445,1057,2104,1419,2988,1951,2778,1022
$JT,C,86,5299596,5299596,1929,1554,2989,2089,2445,1057,2104,1419,2988,1951,2778,1022
$JT,C,87,5299616,5299616,1929,1554,2989,2089,2445,1057,2104,1419,2988,1951,2778,1022
$JT,C,88,5299636,5299636,1929,1554,2989,2089,2445,1057,2104,1419,2988,1951,2778,1022
$JT,C,89,5299656,5299656,1929,1554,2989,2089,2445,1057,2104,1419,2988,1951,2778,1022
$JT,C,90,5299676,5299676,1929,1554,2989,2089,2445,1057,2104,1419,2988,1951,2778,1022
$JT,C,91,5299696,5299696,1929,1554,2989,2089,2445,1057,2104,1419,2988,1951,2778,1022
$JT,C,92,5299716,5299716,1929,1554,2989,2089,2445,1057,2104,1419,2988,1951,2778,1022
$JT,C,93,5299736,5299736,1929,1554,2989,2089,2445,1057,2104,1419,2988,1951,2778,1022
$JT,C,94,5299756,5299756,1929,1554,2989,2089,2445,1057,2104,1419,2988,1951,2778,1022
$JT,C,95,5299776,5299776,1929,1554,2989,2089,2445,1057,2104,1419,2988,1951,2778,1022
$JT,P,96,12,390
$JT,C,96,5299796,5299796,1929,1554,2989,2089,2445,1057,2104,1419,2988,1951,2778,1022
$JT,C,97,5299816,5299816,1929,1554,2989,2089,2445,1057,2104,1419,2988,1951,2778,1022
$JT,C,98,5299836,5299836,1929,1554,2989,2089,2445,1057,2104,1419,2988,1951,2778,1022
$JT,C,99,5299856,5299856,1929,1554,2989,2089,2445,1057,2104,1419,2988,1951,2778,1022
$JT,C,100,5299876,5299876,1929,1554,2989,2089,2445,1057,2104,1419,2988,1951,2778,1022
$JT,C,101,5299896,5299896,1929,1554,2989,2089,2445,1057,2104,1419,2988,1951,2778,1022
$JT,C,102,5299916,5299916,1929,1554,2989,2089,2445,1057,2104,1419,2988,1951,2778,1022
$JT,C,103,5299936,5299936,1929,1554,2989,2089,2445,1057,2104,1419,2988,1951,2778,1022
$JT,C,104,5299956,5299956,1929,1554,2989,2089,2445,1057,2104,1419,2988,1951,2778,1022
$JT,C,105,5299976,5299976,1929,1554,2989,2089,2445,1057,2104,1419,2988,1951,2778,1022
$JT,C,106,5299996,5299996,1929,1554,2989,2089,2445,1057,2104,1419,2988,1951,2778,1022
$JT,C,107,5300016,5300016,1929,1554,2989,2089,2445,1057,2104,1419,2988,1951,2778,1022
$JT,P,108,12,390
$JT,C,108,5300036,5300036,1929,1554,2989,2089,2445,1057,2104,1419,2988,1951,2778,1022
$JT,C,109,5300056,5300056,1929,1554,2989,2089,2445,1057,2104,1419,2988,1951,2778,1022
$JT,C,110,5300076,5300076,1929,1554,2989,2089,2445,1057,2104,1419,2988,1951,2778,1022
$JT,C,111,5300096,5300096,1929,1554,2989,2089,2445,1057,2104,1419,2988,1951,2778,1022
$JT,C,112,5300116,5300116,1929,1554,2989,2089,2445,1057,2104,1419,2988,1951,2778,1022
$JT,C,113,5300136,5300136,1929,1554,2989,2089,2445,1057,2104,1419,2988,1951,2778,1022
$JT,C,114,5300156,5300156,1929,1554,2989,2089,2445,1057,2104,1419,2988,1951,2778,1022
$JT,C,115,5300176,5300176,1929,1554,2989,2089,2445,1057,2104,1419,2988,1951,2778,1022
$JT,C,116,5300196,5300196,1929,1554,2989,2089,2445,1057,2104,1419,2988,1951,2778,1022
$JT,C,117,5300216,5300216,1929,1554,2989,2089,2445,1057,2104,1419,2988,1951,2778,1022
$JT,C,118,5300236,5300236,1929,1554,2989,2089,2445,1057,2104,1419,2988,1951,2778,1022
$JT,C,119,5300256,5300256,1929,1554,2989,2089,2445,1057,2104,1419,2988,1951,2778,1022
$JT,P,120,12,390
$JT,C,120,5300276,5300276,1929,1554,2989,2089,2445,1057,2104,1419,2988,1951,2778,1022
$JT,C,121,5300296,5300296,1929,1554,2989,2089,2445,1057,2104,1419,2988,1951,2778,1022
$JT,C,122,5300316,5300316,1929,1554,2989,2089,2445,1057,2104,1419,2988,1951,2778,1022
$JT,C,123,5300336,5300336,1929,1554,2989,2089,2445,1057,2104,1419,2988,1951,2778,1022
$JT,C,124,5300356,5300356,1929,1554,2989,2089,2445,1057,2104,1419,2988,1951,2778,1022
$JT,C,125,5300376,5300376,1929,1554,2989,2089,2445,1057,2104,1419,2988,1951,2778,1022
$JT,C,126,5300396,5300396,1929,1554,2989,2089,2445,1057,2104,1419,2988,1951,2778,1022
$JT,C,127,5300416,5300416,1929,1554,2989,2089,2445,1057,2104,1419,2988,1951,2778,1022
$JT,C,128,5300436,5300436,1929,1554,2989,2089,2445,1057,2104,1419,2988,1951,2778,1022
$JT,C,129,5300456,5300456,1929,1554,2989,2089,2445,1057,2104,1419,2988,1951,2778,1022
$JT,S,5297881,5297883,0,0,0,1940,0,96,4,11200,35,0
$JT,S,5297883,5297885,0,1,0,1558,0,32,2,11300,35,0
$JT,P,132,12,390
$JT,S,5297900,5297902,1,2,0,3003,0,120,7,11300,37,0
$JT,S,5297902,5297904,1,3,0,2075,0,-120,6,11300,36,0
$JT,S,5297922,5297924,2,4,0,2447,50,-32,1,11300,34,0
$JT,S,5297924,5297926,2,5,0,1038,0,-124,6,11400,36,0
$JT,S,5297942,5297944,3,6,0,2109,0,48,1,11200,36,0
$JT,S,5297944,5297946,3,7,0,1420,-100,112,12,11300,34,0
$JT,S,5297962,5297964,4,8,0,3018,0,120,6,11300,39,0
$JT,S,5297964,5297966,4,9,0,1944,0,-64,2,11300,37,0
$JT,S,5297982,5297984,5,10,0,2774,0,-32,1,11200,35,0
$JT,S,5297984,5297986,5,11,0,997,0,-208,14,11200,37,0
$JT,S,5298000,5298002,6,0,0,1940,0,96,3,11200,35,0
$JT,S,5298002,5298004,6,1,0,1557,0,24,1,11300,35,0
$JT,P,144,12,390
$JT,S,5298020,5298022,7,2,0,3003,0,120,8,11300,37,0
$JT,S,5298022,5298024,7,3,0,2076,0,-112,5,11300,37,0
$JT,S,5298039,5298041,8,4,0,2483,400,-56,3,11300,34,0
$JT,S,5298041,5298043,8,5,0,1017,-450,144,0,11400,36,0
$JT,S,5298059,5298061,9,6,0,2110,50,60,2,11300,36,0
$JT,S,5298061,5298063,9,7,0,1387,-200,104,11,11300,34,0
$JT,S,5298079,5298081,10,8,0,3047,350,-100,0,11300,39,0
$JT,S,5298081,5298083,10,9,0,1948,150,-20,0,11300,37,0
$JT,S,5298099,5298101,11,10,0,2778,50,0,0,11200,35,0
$JT,S,5298101,5298103,11,11,0,995,0,-224,15,11200,37,0
$JT,S,5298119,5298121,12,0,0,1943,0,120,5,11200,35,0
$JT,S,5298121,5298123,12,1,0,1551,0,-24,2,11300,35,0
$JT,P,156,12,390
$JT,S,5298139,5298141,13,2,0,3004,0,128,7,11400,37,0
$JT,S,5298141,5298143,13,3,0,2081,50,-68,2,11300,37,0
$JT,S,5298159,5298161,14,4,0,2488,0,-16,0,11300,34,0
$JT,S,5298161,5298163,14,5,0,976,-300,-32,0,11400,36,0
$JT,S,5298179,5298181,15,6,0,2109,0,48,1,11300,36,0
$JT,S,5298181,5298183,15,7,0,1375,-50,8,0,11300,34,0
$JT,S,5298199,5298201,16,8,0,3065,0,-40,1,11300,39,0
$JT,S,5298201,5298203,16,9,0,1953,0,24,0,11300,37,0
$JT,S,5298219,5298221,17,10,0,2777,-50,-8,0,11200,35,0
$JT,S,5298221,5298223,17,11,0,994,-50,-232,19,11200,37,0
$JT,S,5298240,5298242,18,0,0,1943,0,120,5,11200,35,0
$JT,S,5298242,5298244,18,1,0,1550,0,-32,2,11300,35,0
$JT,P,168,12,390
$JT,S,5298260,5298262,19,2,0,3004,0,128,8,11400,37,0
$JT,S,5298262,5298264,19,3,0,2082,0,-64,2,11300,37,0
$JT,S,5298280,5298282,20,4,0,2487,-50,12,0,11300,34,0
$JT,S,5298282,5298284,20,5,0,976,0,-36,0,11400,36,0
$JT,S,5298302,5298304,21,6,0,2110,0,56,1,11300,36,0
$JT,S,5298304,5298306,21,7,0,1379,100,-16,0,11300,34,0
$JT,S,5298322,5298324,22,8,0,3072,50,168,10,11300,39,0
$JT,S,5298324,5298326,22,9,0,1954,0,32,0,11300,37,0
$JT,S,5298342,5298344,23,10,0,2773,0,-40,2,11200,35,0
$JT,S,5298344,5298346,23,11,0,994,0,-232,22,11100,37,0
$JT,S,5298360,5298362,24,0,0,1942,0,112,5,11200,35,0
$JT,S,5298362,5298364,24,1,0,1557,50,24,1,11300,35,0
$JT,P,180,12,390
$JT,S,5298380,5298382,25,2,0,3005,0,136,8,11300,37,0
$JT,S,5298382,5298384,25,3,0,2085,0,-40,1,11300,37,0
$JT,S,5298400,5298402,26,4,0,2457,-300,84,1,11300,34,0
$JT,S,5298402,5298404,26,5,0,1000,350,-248,11,11300,36,0
$JT,S,5298420,5298422,27,6,0,2105,-50,-20,0,11200,36,0
$JT,S,5298422,5298424,27,7,0,1416,300,-24,1,11200,34,0
$JT,S,5298439,5298441,28,8,0,3041,-350,336,34,11200,39,0
$JT,S,5298441,5298443,28,9,0,1953,-50,20,0,11300,37,0
$JT,S,5298459,5298461,29,10,0,2772,0,-48,3,11200,36,0
$JT,S,5298461,5298463,29,11,0,995,50,-220,17,11100,37,0
$JT,S,5298479,5298481,30,0,0,1937,-50,64,1,11100,35,0
$JT,S,5298481,5298483,30,1,0,1559,0,40,2,11300,35,0
$JT,P,192,12,390
$JT,S,5298499,5298501,31,2,0,3003,-50,116,7,11400,37,0
$JT,S,5298501,5298503,31,3,0,2084,0,-48,1,11300,37,0
$JT,S,5298519,5298521,32,4,0,2446,0,8,0,11300,34,0
$JT,S,5298521,5298523,32,5,0,1036,200,-168,9,11400,36,0
$JT,S,5298539,5298541,33,6,0,2100,0,-40,1,11300,36,0
$JT,S,5298541,5298543,33,7,0,1423,0,32,1,11300,34,0
$JT,S,5298559,5298561,34,8,0,3017,-50,236,27,11200,39,0
$JT,S,5298561,5298563,34,9,0,1951,0,0,0,11300,37,0
$JT,S,5298579,5298581,35,10,0,2773,50,-40,2,11200,36,0
$JT,S,5298581,5298583,35,11,0,996,0,-216,13,11200,37,0
$JT,S,5298599,5298601,36,0,0,1935,0,56,1,11200,35,0
$JT,S,5298601,5298603,36,1,0,1557,-50,24,1,11300,35,0
$JT,P,204,12,390
$JT,S,5298619,5298621,37,2,0,3000,-50,92,4,11300,37,0
$JT,S,5298621,5298623,37,3,0,2083,0,-56,2,11300,37,0
$JT,S,5298639,5298641,38,4,0,2447,0,16,1,11300,34,0
$JT,S,5298641,5298643,38,5,0,1038,0,-160,9,11300,36,0
$JT,S,5298659,5298661,39,6,0,2100,0,-40,0,11300,36,0
$JT,S,5298661,5298663,39,7,0,1421,-50,16,1,11300,34,0
$JT,S,5298680,5298682,40,8,0,3013,-50,204,16,11200,39,0
$JT,S,5298682,5298684,40,9,0,1951,0,0,0,11300,37,0
$JT,S,5298700,5298702,41,10,0,2773,0,-56,4,11200,36,0
$JT,S,5298702,5298704,41,11,0,1004,50,-124,6,11200,37,0
$JT,S,5298722,5298724,42,0,0,1935,0,56,2,11200,35,0
$JT,S,5298724,5298726,42,1,0,1554,0,56,4,11300,35,0
$JT,P,216,12,390
$JT,S,5298742,5298744,43,2,0,2999,0,-36,0,11300,37,0
$JT,S,5298744,5298746,43,3,0,2083,0,-56,1,11300,38,0
$JT,S,5298762,5298764,44,4,0,2447,0,16,0,11300,34,0
$JT,S,5298764,5298766,44,5,0,1038,0,-160,11,11400,36,0
$JT,S,5298782,5298784,45,6,0,2100,0,-40,1,11200,36,0
$JT,S,5298784,5298786,45,7,0,1421,0,16,0,11200,34,0
$JT,S,5298800,5298802,46,8,0,3012,0,200,20,11300,39,0
$JT,S,5298802,5298804,46,9,0,1951,0,0,0,11300,37,0
$JT,S,5298820,5298822,47,10,0,2804,350,-148,20,11200,36,0
$JT,S,5298822,5298824,47,11,0,985,-350,120,0,11200,37,0
$JT,S,5298839,5298841,48,0,0,1931,-100,20,0,11200,35,0
$JT,S,5298841,5298843,48,1,0,1515,-400,48,2,11300,35,0
$JT,P,228,12,390
$JT,S,5298859,5298861,49,2,0,3034,500,-164,2,11400,37,0
$JT,S,5298861,5298863,49,3,0,2083,0,-56,2,11300,37,0
$JT,S,5298879,5298881,50,4,0,2448,0,24,0,11300,34,0
$JT,S,5298881,5298883,50,5,0,1037,0,-168,11,11400,36,0
$JT,S,5298899,5298901,51,6,0,2097,0,-64,2,11300,36,0
$JT,S,5298901,5298903,51,7,0,1422,50,24,1,11200,34,0
$JT,S,5298919,5298921,52,8,0,3014,50,216,18,11200,39,0
$JT,S,5298921,5298923,52,9,0,1946,-50,-52,1,11300,37,0
$JT,S,5298939,5298941,53,10,0,2821,50,-16,0,11200,35,0
$JT,S,5298941,5298943,53,11,0,945,-250,24,0,11200,37,0
$JT,S,5298959,5298961,54,0,0,1927,0,-24,0,11200,35,0
$JT,S,5298961,5298963,54,1,0,1510,0,8,0,11300,35,0
$JT,P,240,12,390
$JT,S,5298979,5298981,55,2,0,3065,150,-44,0,11300,37,0
$JT,S,5298981,5298983,55,3,0,2082,0,-64,3,11300,37,0
$JT,S,5298999,5299001,56,4,0,2448,0,24,1,11300,34,0
$JT,S,5299001,5299003,56,5,0,1036,0,-176,11,11300,36,0
$JT,S,5299019,5299021,57,6,0,2097,0,-64,2,11300,36,0
$JT,S,5299021,5299023,57,7,0,1423,0,32,2,11300,34,0
$JT,S,5299040,5299042,58,8,0,3015,50,224,25,11300,39,0
$JT,S,5299042,5299044,58,9,0,1946,0,-48,1,11300,37,0
$JT,S,5299060,5299062,59,10,0,2820,0,-12,1,11200,35,0
$JT,S,5299062,5299064,59,11,0,939,-50,-40,1,11300,37,0
$JT,S,5299080,5299082,60,0,0,1927,0,-24,0,11200,35,0
$JT,S,5299082,5299084,60,1,0,1511,0,-8,0,11300,35,0
$JT,P,252,12,390
$JT,S,5299102,5299104,61,2,0,3066,0,48,2,11400,37,0
$JT,S,5299104,5299106,61,3,0,2082,0,-64,1,11300,37,0
$JT,S,5299122,5299124,62,4,0,2444,-50,-8,0,11300,34,0
$JT,S,5299124,5299126,62,5,0,1036,0,-176,16,11400,41,0
$JT,S,5299142,5299144,63,6,0,2097,0,-64,2,11200,36,0
$JT,S,5299144,5299146,63,7,0,1426,0,56,4,11300,34,0
$JT,S,5299160,5299162,64,8,0,3015,0,224,20,11200,39,0
$JT,S,5299162,5299164,64,9,0,1947,0,-40,1,11300,37,0
$JT,S,5299180,5299182,65,10,0,2794,-350,68,3,11200,35,0
$JT,S,5299182,5299184,65,11,0,949,300,-296,21,11200,37,0
$JT,S,5299200,5299202,66,0,0,1927,0,-24,0,11200,35,0
$JT,S,5299202,5299204,66,1,0,1546,450,-40,1,11300,35,0
$JT,P,264,12,390
$JT,S,5299220,5299222,67,2,0,3033,-450,228,7,11300,37,0
$JT,S,5299222,5299224,67,3,0,2083,0,-56,1,11300,37,0
$JT,S,5299239,5299241,68,4,0,2444,50,-8,0,11300,34,0
$JT,S,5299241,5299243,68,5,0,1036,0,-176,11,11300,36,0
$JT,S,5299259,5299261,69,6,0,2099,50,-44,1,11300,36,0
$JT,S,5299261,5299263,69,7,0,1426,0,56,4,11300,34,0
$JT,S,5299279,5299281,70,8,0,3014,-50,216,21,11300,39,0
$JT,S,5299281,5299283,70,9,0,1951,0,0,0,11300,37,0
$JT,S,5299299,5299301,71,10,0,2774,-50,-32,1,11200,36,0
$JT,S,5299301,5299303,71,11,0,994,250,-220,14,11200,37,0
$JT,S,5299319,5299321,72,0,0,1933,100,44,1,11100,35,0
$JT,S,5299321,5299323,72,1,0,1553,0,-8,0,11300,35,0
$JT,P,276,12,390
$JT,S,5299339,5299341,73,2,0,3001,-100,96,7,11400,37,0
$JT,S,5299341,5299343,73,3,0,2086,0,-32,0,11300,37,0
$JT,S,5299359,5299361,74,4,0,2443,0,-16,0,11300,34,0
$JT,S,5299361,5299363,74,5,0,1037,0,-168,13,11400,36,0
$JT,S,5299379,5299381,75,6,0,2101,0,-32,0,11300,36,0
$JT,S,5299381,5299383,75,7,0,1425,0,48,4,11200,34,0
$JT,S,5299399,5299401,76,8,0,3013,0,208,21,11300,39,0
$JT,S,5299401,5299403,76,9,0,1952,0,0,0,11300,37,0
$JT,S,5299419,5299421,77,10,0,2774,0,-32,2,11200,36,0
$JT,S,5299421,5299423,77,11,0,997,0,-208,17,11200,37,0
$JT,S,5299439,5299441,78,0,0,1933,0,40,1,11200,35,0
$JT,S,5299441,5299443,78,1,0,1553,0,-8,1,11300,35,0
$JT,P,288,12,390
$JT,S,5299459,5299461,79,2,0,3001,0,104,9,11300,37,0
$JT,S,5299461,5299463,79,3,0,2085,0,-40,1,11300,37,0
$JT,S,5299476,5299478,80,4,0,2445,50,0,0,11300,34,0
$JT,S,5299478,5299480,80,5,0,1038,0,-160,12,11400,48,0
$JT,S,5299496,5299498,81,6,0,2100,0,-40,1,11300,36,0
$JT,S,5299498,5299500,81,7,0,1425,0,48,4,11300,34,0
$JT,S,5299516,5299518,82,8,0,3012,0,200,21,11300,39,0
$JT,S,5299518,5299520,82,9,0,1952,0,0,0,11300,37,0
$JT,S,5299536,5299538,83,10,0,2774,0,-32,1,11200,36,0
$JT,S,5299538,5299540,83,11,0,997,0,-208,17,11200,37,0
$JT,S,5299556,5299558,84,0,0,1933,0,40,0,11200,35,0
$JT,S,5299558,5299560,84,1,0,1553,0,-8,1,11300,35,0
$JT,P,300,12,390
$JT,S,5299576,5299578,85,2,0,3001,0,104,8,11300,37,0
$JT,S,5299578,5299580,85,3,0,2085,0,-40,1,11300,37,0
$JT,S,5299596,5299598,86,4,0,2444,0,-8,0,11300,34,0
$JT,S,5299598,5299600,86,5,0,1038,0,-160,13,11400,36,0
$JT,S,5299616,5299618,87,6,0,2100,0,-40,1,11200,36,0
$JT,S,5299618,5299620,87,7,0,1425,0,48,4,11300,34,0
$JT,S,5299636,5299638,88,8,0,3012,0,200,16,11200,39,0
$JT,S,5299638,5299640,88,9,0,1952,0,0,0,11300,37,0
$JT,S,5299656,5299658,89,10,0,2774,0,-32,1,11200,35,0
$JT,S,5299658,5299660,89,11,0,997,0,-208,18,11200,37,0
$JT,S,5299676,5299678,90,0,0,1933,0,40,1,11200,35,0
$JT,S,5299678,5299680,90,1,0,1554,0,0,0,11300,35,0
$JT,P,312,12,390
$JT,S,5299696,5299698,91,2,0,3001,0,104,10,11300,37,0
$JT,S,5299698,5299700,91,3,0,2085,0,-40,1,11300,37,0
$JT,S,5299716,5299718,92,4,0,2444,0,-8,0,11300,34,0
$JT,S,5299718,5299720,92,5,0,1038,0,-160,14,11400,36,0
$JT,S,5299736,5299738,93,6,0,2100,0,-40,1,11200,36,0
$JT,S,5299738,5299740,93,7,0,1425,0,48,3,11300,34,0
$JT,S,5299756,5299758,94,8,0,3012,0,200,20,11300,39,0
$JT,S,5299758,5299760,94,9,0,1952,0,0,0,11300,37,0
$JT,S,5299776,5299778,95,10,0,2774,0,-32,2,11200,35,0
$JT,S,5299778,5299780,95,11,0,997,0,-208,17,11200,37,0
$JT,S,5299796,5299798,96,0,0,1933,0,40,1,11200,35,0
$JT,S,5299798,5299800,96,1,0,1554,0,0,0,11300,35,0
$JT,P,324,12,390
$JT,S,5299816,5299818,97,2,0,3001,0,104,8,11400,41,0
$JT,S,5299818,5299820,97,3,0,2085,0,-40,1,11300,37,0
$JT,S,5299836,5299838,98,4,0,2444,0,-8,0,11300,34,0
$JT,S,5299838,5299840,98,5,0,1038,0,-160,9,11400,36,0
$JT,S,5299856,5299858,99,6,0,2100,0,-40,1,11200,36,0
$JT,S,5299858,5299860,99,7,0,1425,0,48,3,11300,34,0
$JT,S,5299876,5299878,100,8,0,3012,0,200,14,11200,39,0
$JT,S,5299878,5299880,100,9,0,1952,0,0,0,11300,37,0
$JT,S,5299896,5299898,101,10,0,2774,0,-32,2,11200,35,0
$JT,S,5299898,5299900,101,11,0,997,0,-208,18,11200,37,0
$JT,S,5299916,5299918,102,0,0,1933,0,40,1,11200,35,0
$JT,S,5299918,5299920,102,1,0,1554,0,0,0,11300,35,0
$JT,P,336,12,390
$JT,S,5299936,5299938,103,2,0,3001,0,104,8,11300,37,0
$JT,S,5299938,5299940,103,3,0,2085,0,-40,1,11300,37,0
$JT,S,5299956,5299958,104,4,0,2444,0,-8,0,11200,34,0
$JT,S,5299958,5299960,104,5,0,1038,0,-160,10,11400,36,0
$JT,S,5299976,5299978,105,6,0,2100,0,-40,0,11200,36,0
$JT,S,5299978,5299980,105,7,0,1425,0,48,3,11300,34,0
$JT,S,5299996,5299998,106,8,0,3012,0,200,16,11200,39,0
$JT,S,5299998,5300000,106,9,0,1952,0,0,0,11300,37,0
$JT,S,5300016,5300018,107,10,0,2774,0,-32,2,11200,35,0
$JT,S,5300018,5300020,107,11,0,997,0,-208,17,11200,37,0
$JT,S,5300036,5300038,108,0,0,1933,0,40,0,11200,35,0
$JT,S,5300038,5300040,108,1,0,1554,0,0,0,11300,35,0
$JT,P,348,12,390
$JT,S,5300056,5300058,109,2,0,3001,0,104,10,11300,37,0
$JT,S,5300058,5300060,109,3,0,2085,0,-40,1,11300,37,0
$JT,S,5300076,5300078,110,4,0,2444,0,-8,0,11300,34,0
$JT,S,5300078,5300080,110,5,0,1038,0,-160,9,11400,36,0
$JT,S,5300096,5300098,111,6,0,2100,0,-40,0,11300,36,0
$JT,S,5300098,5300100,111,7,0,1425,0,48,3,11300,34,0
$JT,S,5300116,5300118,112,8,0,3012,0,200,16,11200,39,0
$JT,S,5300118,5300120,112,9,0,1952,0,0,0,11300,37,0
$JT,S,5300136,5300138,113,10,0,2774,0,-32,1,11200,36,0
$JT,S,5300138,5300140,113,11,0,997,0,-208,17,11200,37,0
$JT,S,5300156,5300158,114,0,0,1933,0,40,1,11200,35,0
$JT,S,5300158,5300160,114,1,0,1554,0,0,1,11300,35,0
$JT,P,360,12,390
$JT,S,5300176,5300178,115,2,0,3001,0,104,8,11400,37,0
$JT,S,5300178,5300180,115,3,0,2085,0,-40,1,11300,37,0
$JT,S,5300196,5300198,116,4,0,2444,0,-8,0,11200,34,0
$JT,S,5300198,5300200,116,5,0,1038,0,-160,12,11400,60,0
$JT,S,5300216,5300218,117,6,0,2100,0,-40,0,11300,36,0
$JT,S,5300218,5300220,117,7,0,1425,0,48,3,11300,34,0
$JT,S,5300236,5300238,118,8,0,3012,0,200,17,11200,39,0
$JT,S,5300238,5300240,118,9,0,1952,0,0,0,11300,37,0
$JT,S,5300256,5300258,119,10,0,2774,0,-32,2,11200,35,0
$JT,S,5300258,5300260,119,11,0,997,0,-208,23,11200,37,0
$JT,S,5300276,5300278,120,0,0,1933,0,40,0,11200,35,0
$JT,S,5300278,5300280,120,1,0,1554,0,0,0,11300,35,0
$JT,P,372,12,390
$JT,S,5300296,5300298,121,2,0,3001,0,104,8,11400,37,0
$JT,S,5300298,5300300,121,3,0,2085,0,-40,1,11300,37,0
$JT,S,5300316,5300318,122,4,0,2444,0,-8,0,11300,34,0
$JT,S,5300318,5300320,122,5,0,1038,0,-160,10,11400,36,0
$JT,S,5300336,5300338,123,6,0,2100,0,-40,1,11200,36,0
$JT,S,5300338,5300340,123,7,0,1425,0,48,4,11300,34,0
$JT,S,5300356,5300358,124,8,0,3012,0,200,18,11300,39,0
$JT,S,5300358,5300360,124,9,0,1952,0,0,0,11300,37,0
$JT,S,5300376,5300378,125,10,0,2774,0,-32,2,11200,35,0
$JT,S,5300378,5300380,125,11,0,997,0,-208,18,11200,37,0
$JT,S,5300396,5300398,126,0,0,1933,0,40,1,11200,35,0
$JT,S,5300398,5300400,126,1,0,1554,0,0,0,11300,35,0
$JT,P,384,6,390
$JT,S,5300416,5300418,127,2,0,3001,0,104,8,11400,37,0
$JT,S,5300418,5300420,127,3,0,2085,0,-40,1,11300,37,0
$JT,S,5300436,5300438,128,4,0,2444,0,-8,0,11300,34,0
$JT,S,5300438,5300440,128,5,0,1038,0,-160,13,11400,36,0
$JT,S,5300456,5300458,129,6,0,2100,0,-40,1,11300,36,0
$JT,S,5300458,5300460,129,7,0,1425,0,48,3,11300,34,0
$JT,END
