$IT,M,1,374,0,0
$IT,P,0,12,374
$IT,S,0,65874,-17,-11,0,0,1,0
$IT,S,1,65878,-17,-11,0,1000,1,0
$IT,S,2,65902,-17,-10,0,1000,1,0
$IT,S,3,65922,-17,-10,0,1000,1,0
$IT,S,4,65942,-17,-10,0,1000,1,0
$IT,S,5,65962,-17,-10,0,1000,1,0
$IT,S,6,65982,-17,-10,0,1000,1,0
$IT,S,7,66002,-17,-10,0,1000,1,0
$IT,S,8,66022,-17,-10,0,1000,1,0
$IT,S,9,66042,-17,-10,0,1000,1,0
$IT,S,10,66062,-17,-10,0,1000,1,0
$IT,S,11,66082,-17,-10,0,1000,1,0
$IT,P,12,12,374
$IT,S,12,66102,-17,-10,0,1000,1,0
$IT,S,13,66122,-17,-10,0,1000,1,0
$IT,S,14,66142,-17,-10,0,1000,1,0
$IT,S,15,66162,-17,-10,0,1000,1,0
$IT,S,16,66182,-17,-10,0,1000,1,0
$IT,S,17,66202,-17,-10,0,1000,1,0
$IT,S,18,66222,-17,-10,0,1000,1,0
$IT,S,19,66242,-17,-10,0,1000,1,0
$IT,S,20,66261,-17,-10,0,1000,1,0
$IT,S,21,66281,-17,-10,0,1000,1,0
$IT,S,22,66301,-17,-10,0,1000,1,0
$IT,S,23,66322,-17,-10,0,1000,1,0
$IT,P,24,12,374
$IT,S,24,66342,-17,-10,0,1000,1,0
$IT,S,25,66361,-17,-10,0,1000,1,0
$IT,S,26,66381,-17,-10,0,1000,1,0
$IT,S,27,66402,-17,-10,0,1000,1,0
$IT,S,28,66421,-17,-10,0,1000,1,0
$IT,S,29,66441,-17,-10,0,1000,1,0
$IT,S,30,66461,-17,-10,0,1000,1,0
$IT,S,31,66481,-17,-10,0,1000,1,0
$IT,S,32,66501,-17,-10,0,1000,1,0
$IT,S,33,66521,-17,-10,0,1000,1,0
$IT,S,34,66541,-17,-10,0,1000,1,0
$IT,S,35,66561,-17,-10,0,1000,1,0
$IT,P,36,12,374
$IT,S,36,66581,-17,-10,0,1000,1,0
$IT,S,37,66601,-17,-10,0,1000,1,0
$IT,S,38,66621,-17,-10,0,1000,1,0
$IT,S,39,66641,-17,-10,0,1000,1,0
$IT,S,40,66661,-17,-10,0,1000,1,0
$IT,S,41,66681,-17,-10,0,1000,1,0
$IT,S,42,66701,-17,-10,0,1000,1,0
$IT,S,43,66721,-17,-10,0,1000,1,0
$IT,S,44,66742,-17,-10,0,1000,1,0
$IT,S,45,66762,-17,-10,0,1000,1,0
$IT,S,46,66782,-17,-10,0,1000,1,0
$IT,S,47,66801,-17,-10,0,1000,1,0
$IT,P,48,12,374
$IT,S,48,66821,-17,-10,0,1000,1,0
$IT,S,49,66842,-17,-10,0,1000,1,0
$IT,S,50,66862,-17,-10,0,1000,1,0
$IT,S,51,66883,-17,-10,14,1000,1,0
$IT,S,52,66903,-17,-10,28,1000,1,0
$IT,S,53,66922,-17,-10,42,1000,1,0
$IT,S,54,66944,-17,-10,56,1000,1,0
$IT,S,55,66964,-17,-10,70,1000,1,0
$IT,S,56,66984,-17,-10,83,1000,1,0
$IT,S,57,67003,-17,-10,96,1000,1,0
$IT,S,58,67023,-17,-10,109,1000,1,0
$IT,S,59,67043,-17,-10,121,1000,1,0
$IT,P,60,12,374
$IT,S,60,67064,-17,-10,134,1000,1,0
$IT,S,61,67084,-17,-10,146,1000,1,0
$IT,S,62,67104,-17,-10,159,1000,1,0
$IT,S,63,67124,-17,-10,171,1000,1,0
$IT,S,64,67144,-17,-10,184,1000,1,0
$IT,S,65,67164,-17,-10,197,1000,1,0
$IT,S,66,67184,-17,-10,210,1000,1,0
$IT,S,67,67204,-17,-10,224,1000,1,0
$IT,S,68,67224,-17,-10,237,1000,1,0
$IT,S,69,67244,-17,-10,251,1000,1,0
$IT,S,70,67264,-17,-10,265,1000,1,0
$IT,S,71,67284,-17,-10,279,1000,1,0
$IT,P,72,12,374
$IT,S,72,67304,-16,-10,293,1000,1,0
$IT,S,73,67324,-16,-10,307,1000,1,0
$IT,S,74,67344,-15,-10,322,1000,1,0
$IT,S,75,67364,-15,-10,337,1000,1,0
$IT,S,76,67384,-15,-10,351,1000,1,0
$IT,S,77,67404,-15,-10,366,1000,1,0
$IT,S,78,67424,-15,-9,381,1000,1,0
$IT,S,79,67444,-16,-9,396,1000,1,0
$IT,S,80,67464,-17,-8,411,1000,1,0
$IT,S,81,67484,-16,-7,426,1000,1,0
$IT,S,82,67504,-16,-7,440,1000,1,0
$IT,S,83,67524,-18,-6,455,1000,1,0
$IT,P,84,12,374
$IT,S,84,67543,-19,-5,470,1000,1,0
$IT,S,85,67564,-20,-6,485,1000,1,0
$IT,S,86,67584,-23,-8,500,1000,1,0
$IT,S,87,67602,-21,-7,514,1000,1,0
$IT,S,88,67622,-19,-5,529,1000,1,0
$IT,S,89,67643,-23,-5,544,1000,1,0
$IT,S,90,67663,-28,-8,559,1000,1,0
$IT,S,91,67683,-27,-6,574,1000,1,0
$IT,S,92,67703,-28,-5,589,1000,1,0
$IT,S,93,67723,-30,-5,603,1000,1,0
$IT,S,94,67743,-31,-4,618,1000,1,0
$IT,S,95,67763,-32,-3,633,1000,1,0
$IT,P,96,12,374
$IT,S,96,67783,-33,-3,648,1000,1,0
$IT,S,97,67803,-33,-3,663,1000,1,0
$IT,S,98,67823,-33,-2,677,1000,1,0
$IT,S,99,67843,-34,-2,692,1000,1,0
$IT,S,100,67863,-36,0,707,1000,1,0
$IT,S,101,67883,-40,3,722,1000,1,0
$IT,S,102,67903,-47,5,737,1000,1,0
$IT,S,103,67924,-51,7,751,1000,1,0
$IT,S,104,67944,-50,9,766,1000,1,0
$IT,S,105,67964,-47,7,781,1000,1,0
$IT,S,106,67984,-42,5,796,1000,1,0
$IT,S,107,68004,-38,4,811,1000,1,0
$IT,P,108,12,374
$IT,S,108,68024,-38,3,826,1000,1,0
$IT,S,109,68043,-36,2,840,1000,1,0
$IT,S,110,68063,-37,2,855,1000,1,0
$IT,S,111,68084,-38,2,870,1000,1,0
$IT,S,112,68104,-38,2,885,1000,1,0
$IT,S,113,68124,-36,2,900,1000,1,0
$IT,S,114,68144,-36,1,914,1000,1,0
$IT,S,115,68164,-36,1,929,1000,1,0
$IT,S,116,68184,-38,1,944,1000,1,0
$IT,S,117,68204,-37,2,959,1000,1,0
$IT,S,118,68224,-37,3,974,1000,1,0
$IT,S,119,68244,-37,4,989,1000,1,0
$IT,P,120,12,374
$IT,S,120,68264,-37,4,3,1000,1,0
$IT,S,121,68283,-39,6,18,1000,1,0
$IT,S,122,68303,-41,7,33,1000,1,0
$IT,S,123,68324,-43,9,48,1000,1,0
$IT,S,124,68344,-38,8,63,1000,1,0
$IT,S,125,68364,-35,6,77,1000,1,0
$IT,S,126,68384,-30,4,92,1000,1,0
$IT,S,127,68404,-27,2,107,1000,1,0
$IT,S,128,68424,-23,1,122,1000,1,0
$IT,S,129,68444,-21,1,137,1000,1,0
$IT,S,130,68464,-18,1,151,1000,1,0
$IT,S,131,68484,-15,0,166,1000,1,0
$IT,P,132,12,374
$IT,S,132,68504,-10,-1,181,1000,1,0
$IT,S,133,68524,-8,-1,196,1000,1,0
$IT,S,134,68544,-5,-2,211,1000,1,0
$IT,S,135,68565,-2,-2,226,1000,1,0
$IT,S,136,68583,3,-1,240,1000,1,0
$IT,S,137,68604,9,2,255,1000,1,0
$IT,S,138,68624,14,5,270,1000,1,0
$IT,S,139,68644,17,6,285,1000,1,0
$IT,S,140,68663,17,7,300,1000,1,0
$IT,S,141,68683,14,5,314,1000,1,0
$IT,S,142,68703,11,4,329,1000,1,0
$IT,S,143,68723,8,2,344,1000,1,0
$IT,P,144,12,374
$IT,S,144,68743,7,2,359,1000,1,0
$IT,S,145,68763,7,2,374,1000,1,0
$IT,S,146,68783,7,2,389,1000,1,0
$IT,S,147,68803,4,2,403,1000,1,0
$IT,S,148,68823,2,3,418,1000,1,0
$IT,S,149,68843,1,3,433,1000,1,0
$IT,S,150,68863,1,2,448,1000,1,0
$IT,S,151,68883,1,3,463,1000,1,0
$IT,S,152,68903,1,4,477,1000,1,0
$IT,S,153,68923,1,5,492,1000,1,0
$IT,S,154,68943,3,6,507,1000,1,0
$IT,S,155,68962,4,7,522,1000,1,0
$IT,P,156,12,374
$IT,S,156,68983,3,8,537,1000,1,0
$IT,S,157,69004,-1,6,551,1000,1,0
$IT,S,158,69024,-4,4,566,1000,1,0
$IT,S,159,69044,-8,2,581,1000,1,0
$IT,S,160,69063,-11,1,596,1000,1,0
$IT,S,161,69083,-13,0,611,1000,1,0
$IT,S,162,69104,-17,0,626,1000,1,0
$IT,S,163,69124,-19,0,640,1000,1,0
$IT,S,164,69144,-22,-2,655,1000,1,0
$IT,S,165,69164,-24,-3,670,1000,1,0
$IT,S,166,69184,-27,-4,685,1000,1,0
$IT,S,167,69204,-27,-4,700,1000,1,0
$IT,P,168,12,374
$IT,S,168,69224,-28,-5,714,1000,1,0
$IT,S,169,69244,-28,-7,729,1000,1,0
$IT,S,170,69264,-27,-8,744,1000,1,0
$IT,S,171,69285,-25,-9,759,1000,1,0
$IT,S,172,69304,-25,-9,774,1000,1,0
$IT,S,173,69324,-25,-9,789,1000,1,0
$IT,S,174,69344,-25,-9,803,1000,1,0
$IT,S,175,69364,-25,-9,818,1000,1,0
$IT,S,176,69384,-24,-9,833,1000,1,0
$IT,S,177,69404,-23,-9,848,1000,1,0
$IT,S,178,69424,-21,-8,863,1000,1,0
$IT,S,179,69444,-19,-9,877,1000,1,0
$IT,P,180,12,374
$IT,S,180,69464,-18,-9,892,1000,1,0
$IT,S,181,69484,-17,-9,907,1000,1,0
$IT,S,182,69504,-18,-8,922,1000,1,0
$IT,S,183,69524,-18,-7,937,1000,1,0
$IT,S,184,69543,-18,-7,951,1000,1,0
$IT,S,185,69564,-17,-6,966,1000,1,0
$IT,S,186,69584,-16,-6,981,1000,1,0
$IT,S,187,69603,-15,-5,996,1000,1,0
$IT,S,188,69623,-15,-5,11,1000,1,0
$IT,S,189,69642,-14,-5,26,1000,1,0
$IT,S,190,69664,-16,-4,40,1000,1,0
$IT,S,191,69684,-17,-2,55,1000,1,0
$IT,P,192,12,374
$IT,S,192,69703,-19,0,70,1000,1,0
$IT,S,193,69723,-21,1,85,1000,1,0
$IT,S,194,69743,-20,0,100,1000,1,0
$IT,S,195,69763,-20,-2,114,1000,1,0
$IT,S,196,69783,-20,-2,129,1000,1,0
$IT,S,197,69803,-18,-3,144,1000,1,0
$IT,S,198,69823,-16,-4,159,1000,1,0
$IT,S,199,69843,-13,-4,174,1000,1,0
$IT,S,200,69863,-13,-4,189,1000,1,0
$IT,S,201,69883,-14,-6,203,1000,1,0
$IT,S,202,69903,-16,-7,218,1000,1,0
$IT,S,203,69923,-13,-7,233,1000,1,0
$IT,P,204,12,374
$IT,S,204,69943,-8,-5,248,1000,1,0
$IT,S,205,69963,-4,-4,263,1000,1,0
$IT,S,206,69983,-3,-3,277,1000,1,0
$IT,S,207,70003,-1,-2,292,1000,1,0
$IT,S,208,70023,3,-1,307,1000,1,0
$IT,S,209,70044,5,1,322,1000,1,0
$IT,S,210,70064,6,2,337,1000,1,0
$IT,S,211,70084,8,3,351,1000,1,0
$IT,S,212,70103,10,3,366,1000,1,0
$IT,S,213,70123,10,3,381,1000,1,0
$IT,S,214,70143,11,4,396,1000,1,0
$IT,S,215,70164,10,5,411,1000,1,0
$IT,P,216,12,374
$IT,S,216,70184,11,6,426,1000,1,0
$IT,S,217,70204,12,7,440,1000,1,0
$IT,S,218,70224,13,9,455,1000,1,0
$IT,S,219,70244,14,9,470,1000,1,0
$IT,S,220,70264,12,9,485,1000,1,0
$IT,S,221,70284,10,9,500,1000,1,0
$IT,S,222,70303,7,7,514,1000,1,0
$IT,S,223,70323,4,5,529,1000,1,0
$IT,S,224,70344,0,3,544,1000,1,0
$IT,S,225,70364,-5,1,559,1000,1,0
$IT,S,226,70384,-10,-2,574,1000,1,0
$IT,S,227,70404,-15,-4,589,1000,1,0
$IT,P,228,12,374
$IT,S,228,70424,-19,-6,603,1000,1,0
$IT,S,229,70444,-20,-6,618,1000,1,0
$IT,S,230,70464,-24,-6,633,1000,1,0
$IT,S,231,70484,-26,-8,648,1000,1,0
$IT,S,232,70504,-27,-9,663,1000,1,0
$IT,S,233,70524,-28,-10,677,1000,1,0
$IT,S,234,70544,-32,-9,692,1000,1,0
$IT,S,235,70564,-34,-9,707,1000,1,0
$IT,S,236,70584,-35,-7,722,1000,1,0
$IT,S,237,70604,-35,-6,737,1000,1,0
$IT,S,238,70625,-35,-7,751,1000,1,0
$IT,S,239,70645,-34,-7,766,1000,1,0
$IT,P,240,12,374
$IT,S,240,70664,-31,-8,781,1000,1,0
$IT,S,241,70684,-28,-10,796,1000,1,0
$IT,S,242,70704,-24,-11,811,1000,1,0
$IT,S,243,70723,-23,-11,826,1000,1,0
$IT,S,244,70743,-21,-11,840,1000,1,0
$IT,S,245,70763,-19,-12,855,1000,1,0
$IT,S,246,70783,-16,-12,870,1000,1,0
$IT,S,247,70803,-16,-11,885,1000,1,0
$IT,S,248,70823,-15,-11,900,1000,1,0
$IT,S,249,70843,-16,-11,914,1000,1,0
$IT,S,250,70863,-16,-10,929,1000,1,0
$IT,S,251,70883,-16,-10,944,1000,1,0
$IT,P,252,12,374
$IT,S,252,70903,-15,-10,959,1000,1,0
$IT,S,253,70923,-13,-10,974,1000,1,0
$IT,S,254,70943,-12,-10,989,1000,1,0
$IT,S,255,70963,-11,-10,3,1000,1,0
$IT,S,256,70983,-11,-10,18,1000,1,0
$IT,S,257,71003,-11,-10,33,1000,1,0
$IT,S,258,71023,-12,-9,48,1000,1,0
$IT,S,259,71043,-12,-8,63,1000,1,0
$IT,S,260,71064,-15,-5,77,1000,1,0
$IT,S,261,71084,-18,-2,92,1000,1,0
$IT,S,262,71104,-19,-1,107,1000,1,0
$IT,S,263,71124,-16,-3,122,1000,1,0
$IT,P,264,12,374
$IT,S,264,71143,-17,-4,137,1000,1,0
$IT,S,265,71163,-17,-4,151,1000,1,0
$IT,S,266,71184,-14,-4,166,1000,1,0
$IT,S,267,71204,-12,-4,181,1000,1,0
$IT,S,268,71224,-11,-4,196,1000,1,0
$IT,S,269,71244,-14,-5,211,1000,1,0
$IT,S,270,71264,-14,-7,226,1000,1,0
$IT,S,271,71284,-12,-7,240,1000,1,0
$IT,S,272,71304,-10,-6,255,1000,1,0
$IT,S,273,71324,-5,-4,270,1000,1,0
$IT,S,274,71344,-4,-4,285,1000,1,0
$IT,S,275,71364,-1,-3,300,1000,1,0
$IT,P,276,12,374
$IT,S,276,71384,1,-1,314,1000,1,0
$IT,S,277,71404,5,1,329,1000,1,0
$IT,S,278,71424,7,2,344,1000,1,0
$IT,S,279,71444,9,4,359,1000,1,0
$IT,S,280,71464,10,6,374,1000,1,0
$IT,S,281,71484,12,7,389,1000,1,0
$IT,S,282,71504,13,7,403,1000,1,0
$IT,S,283,71524,14,8,418,1000,1,0
$IT,S,284,71544,15,8,433,1000,1,0
$IT,S,285,71564,13,7,448,1000,1,0
$IT,S,286,71584,13,7,463,1000,1,0
$IT,S,287,71604,11,6,477,1000,1,0
$IT,P,288,12,374
$IT,S,288,71624,8,4,492,1000,1,0
$IT,S,289,71644,3,3,507,1000,1,0
$IT,S,290,71662,0,2,522,1000,1,0
$IT,S,291,71683,-4,-1,537,1000,1,0
$IT,S,292,71704,-8,-3,551,1000,1,0
$IT,S,293,71724,-14,-5,566,1000,1,0
$IT,S,294,71743,-22,-9,581,1000,1,0
$IT,S,295,71763,-26,-12,596,1000,1,0
$IT,S,296,71783,-26,-10,611,1000,1,0
$IT,S,297,71803,-31,-10,626,1000,1,0
$IT,S,298,71823,-32,-11,640,1000,1,0
$IT,S,299,71843,-32,-11,655,1000,1,0
$IT,P,300,12,374
$IT,S,300,71892,-37,-11,670,1000,1,0
$IT,S,301,71898,-37,-11,697,1000,1,0
$IT,S,302,71922,-40,-8,713,1000,1,0
$IT,S,303,71942,-41,-5,728,1000,1,0
$IT,S,304,71961,-43,-4,743,1000,1,0
$IT,S,305,71982,-45,-4,757,1000,1,0
$IT,S,306,72001,-40,-4,772,1000,1,0
$IT,S,307,72022,-35,-7,787,1000,1,0
$IT,S,308,72042,-33,-8,802,1000,1,0
$IT,S,309,72062,-29,-9,817,1000,1,0
$IT,S,310,72082,-27,-10,831,1000,1,0
$IT,S,311,72102,-24,-11,846,1000,1,0
$IT,P,312,12,374
$IT,S,312,72122,-23,-11,861,1000,1,0
$IT,S,313,72142,-24,-10,876,1000,1,0
$IT,S,314,72162,-25,-9,891,1000,1,0
$IT,S,315,72182,-26,-9,906,1000,1,0
$IT,S,316,72202,-27,-8,920,1000,1,0
$IT,S,317,72222,-26,-7,935,1000,1,0
$IT,S,318,72242,-24,-7,950,1000,1,0
$IT,S,319,72262,-23,-7,965,1000,1,0
$IT,S,320,72282,-22,-7,980,1000,1,0
$IT,S,321,72302,-22,-8,994,1000,1,0
$IT,S,322,72322,-22,-7,9,1000,1,0
$IT,S,323,72341,-23,-7,24,1000,1,0
$IT,P,324,12,374
$IT,S,324,72360,-23,-7,24,1000,1,0
$IT,S,325,72379,-23,-6,24,1000,1,0
$IT,S,326,72399,-23,-5,24,1000,1,0
$IT,S,327,72419,-24,-4,24,1000,1,0
$IT,S,328,72439,-24,-4,24,1000,1,0
$IT,S,329,72459,-23,-5,24,1000,1,0
$IT,S,330,72479,-23,-6,24,1000,1,0
$IT,S,331,72499,-21,-6,24,1000,1,0
$IT,S,332,72519,-18,-7,24,1000,1,0
$IT,S,333,72539,-16,-7,24,1000,1,0
$IT,S,334,72559,-13,-8,24,1000,1,0
$IT,S,335,72579,-13,-8,24,1000,1,0
$IT,P,336,12,374
$IT,S,336,72599,-13,-8,24,1000,1,0
$IT,S,337,72619,-11,-8,24,1000,1,0
$IT,S,338,72639,-9,-8,24,1000,1,0
$IT,S,339,72659,-11,-8,24,1000,1,0
$IT,S,340,72679,-13,-9,24,1000,1,0
$IT,S,341,72699,-13,-10,24,1000,1,0
$IT,S,342,72719,-13,-10,24,1000,1,0
$IT,S,343,72740,-13,-10,24,1000,1,0
$IT,S,344,72760,-13,-11,24,1000,1,0
$IT,S,345,72780,-13,-11,24,1000,1,0
$IT,S,346,72799,-14,-11,24,1000,1,0
$IT,S,347,72819,-16,-11,24,1000,1,0
$IT,P,348,12,374
$IT,S,348,72840,-17,-10,24,1000,1,0
$IT,S,349,72860,-18,-10,24,1000,1,0
$IT,S,350,72880,-20,-10,24,1000,1,0
$IT,S,351,72900,-21,-10,24,1000,1,0
$IT,S,352,72920,-22,-10,24,1000,1,0
$IT,S,353,72940,-22,-9,24,1000,1,0
$IT,S,354,72960,-23,-9,24,1000,1,0
$IT,S,355,72980,-24,-9,24,1000,1,0
$IT,S,356,73000,-25,-7,24,1000,1,0
$IT,S,357,73020,-27,-7,24,1000,1,0
$IT,S,358,73040,-28,-6,24,1000,1,0
$IT,S,359,73060,-29,-7,24,1000,1,0
$IT,P,360,12,374
$IT,S,360,73080,-28,-8,24,1000,1,0
$IT,S,361,73100,-27,-9,24,1000,1,0
$IT,S,362,73120,-26,-10,24,1000,1,0
$IT,S,363,73140,-25,-11,24,1000,1,0
$IT,S,364,73160,-24,-12,24,1000,1,0
$IT,S,365,73180,-23,-14,24,1000,1,0
$IT,S,366,73200,-22,-14,24,1000,1,0
$IT,S,367,73220,-21,-15,24,1000,1,0
$IT,S,368,73240,-21,-16,24,1000,1,0
$IT,S,369,73260,-21,-15,24,1000,1,0
$IT,S,370,73279,-21,-19,24,1000,1,0
$IT,S,371,73300,-22,-21,24,1000,1,0
$IT,P,372,2,374
$IT,S,372,73319,-22,-21,24,1000,1,0
$IT,S,373,73340,-22,-20,24,1000,1,0
$IT,END
