$IT,M,1,487,0,0
$IT,P,0,12,487
$IT,S,0,1161549,-33,-1,500,1000,1,0
$IT,S,1,1161563,-33,-1,508,1000,1,0
$IT,S,2,1161585,-33,-1,517,1000,1,0
$IT,S,3,1161605,-33,-1,525,1000,1,0
$IT,S,4,1161625,-33,-1,534,1000,1,0
$IT,S,5,1161644,-33,-1,542,1000,1,0
$IT,S,6,1161664,-33,-1,551,1000,1,0
$IT,S,7,1161685,-33,-1,560,1000,1,0
$IT,S,8,1161705,-32,-1,569,1000,1,0
$IT,S,9,1161725,-32,-1,578,1000,1,0
$IT,S,10,1161745,-32,-1,587,1000,1,0
$IT,S,11,1161765,-32,-1,596,1000,1,0
$IT,P,12,12,487
$IT,S,12,1161784,-31,-2,605,1000,1,0
$IT,S,13,1161804,-30,-2,614,1000,1,0
$IT,S,14,1161824,-29,-1,623,1000,1,0
$IT,S,15,1161845,-30,-1,632,1000,1,0
$IT,S,16,1161865,-30,-1,641,1000,1,0
$IT,S,17,1161885,-28,-1,650,1000,1,0
$IT,S,18,1161905,-22,1,660,1000,1,0
$IT,S,19,1161925,-16,4,669,1000,1,0
$IT,S,20,1161945,-13,4,678,1000,1,0
$IT,S,21,1161965,-13,4,687,1000,1,0
$IT,S,22,1161985,-14,4,696,1000,1,0
$IT,S,23,1162005,-15,2,705,1000,1,0
$IT,P,24,12,487
$IT,S,24,1162025,-19,0,715,1000,1,0
$IT,S,25,1162045,-22,-1,724,1000,1,0
$IT,S,26,1162065,-25,-3,733,1000,1,0
$IT,S,27,1162085,-27,-4,743,1000,1,0
$IT,S,28,1162105,-30,-4,752,1000,1,0
$IT,S,29,1162125,-33,-5,761,1000,1,0
$IT,S,30,1162145,-35,-6,771,1000,1,0
$IT,S,31,1162165,-36,-7,780,1000,1,0
$IT,S,32,1162185,-38,-7,790,1000,1,0
$IT,S,33,1162205,-41,-9,799,1000,1,0
$IT,S,34,1162226,-43,-9,808,1000,1,0
$IT,S,35,1162245,-47,-14,818,1000,1,0
$IT,P,36,12,487
$IT,S,36,1162265,-48,-14,827,1000,1,0
$IT,S,37,1162285,-47,-14,837,1000,1,0
$IT,S,38,1162305,-46,-14,846,1000,1,0
$IT,S,39,1162325,-45,-12,856,1000,1,0
$IT,S,40,1162345,-41,-11,865,1000,1,0
$IT,S,41,1162364,-39,-10,875,1000,1,0
$IT,S,42,1162384,-38,-10,884,1000,1,0
$IT,S,43,1162404,-40,-11,894,1000,1,0
$IT,S,44,1162424,-38,-10,903,1000,1,0
$IT,S,45,1162444,-34,-7,913,1000,1,0
$IT,S,46,1162464,-27,-4,922,1000,1,0
$IT,S,47,1162485,-27,-4,932,1000,1,0
$IT,P,48,12,487
$IT,S,48,1162505,-28,-5,941,1000,1,0
$IT,S,49,1162525,-27,-4,951,1000,1,0
$IT,S,50,1162545,-22,-3,960,1000,1,0
$IT,S,51,1162565,-15,1,970,1000,1,0
$IT,S,52,1162584,-15,2,979,1000,1,0
$IT,S,53,1162604,-17,1,989,1000,1,0
$IT,S,54,1162624,-19,0,999,1000,1,0
$IT,S,55,1162644,-20,-1,9,1000,1,0
$IT,S,56,1162664,-19,-1,18,1000,1,0
$IT,S,57,1162684,-19,-1,28,1000,1,0
$IT,S,58,1162704,-20,-1,38,1000,1,0
$IT,S,59,1162724,-20,-3,47,1000,1,0
$IT,P,60,12,487
$IT,S,60,1162745,-24,-4,57,1000,1,0
$IT,S,61,1162765,-24,-4,67,1000,1,0
$IT,S,62,1162785,-25,-4,77,1000,1,0
$IT,S,63,1162805,-27,-4,86,1000,1,0
$IT,S,64,1162825,-27,-5,96,1000,1,0
$IT,S,65,1162846,-29,-5,106,1000,1,0
$IT,S,66,1162866,-29,-5,116,1000,1,0
$IT,S,67,1162885,-30,-5,125,1000,1,0
$IT,S,68,1162905,-29,-6,135,1000,1,0
$IT,S,69,1162925,-25,-7,145,1000,1,0
$IT,S,70,1162946,-20,-9,154,1000,1,0
$IT,S,71,1162966,-14,-10,164,1000,1,0
$IT,P,72,12,487
$IT,S,72,1162986,-8,-11,174,1000,1,0
$IT,S,73,1163006,-2,-12,184,1000,1,0
$IT,S,74,1163026,5,-12,193,1000,1,0
$IT,S,75,1163046,13,-10,203,1000,1,0
$IT,S,76,1163066,19,-10,213,1000,1,0
$IT,S,77,1163085,25,-9,223,1000,1,0
$IT,S,78,1163106,33,-7,232,1000,1,0
$IT,S,79,1163125,39,-6,242,1000,1,0
$IT,S,80,1163145,44,-4,252,1000,1,0
$IT,S,81,1163165,48,-4,261,1000,1,0
$IT,S,82,1163185,50,-3,271,1000,1,0
$IT,S,83,1163205,51,-3,281,1000,1,0
$IT,P,84,12,487
$IT,S,84,1163225,51,-3,291,1000,1,0
$IT,S,85,1163245,51,-3,300,1000,1,0
$IT,S,86,1163264,51,-4,310,1000,1,0
$IT,S,87,1163284,51,-4,320,1000,1,0
$IT,S,88,1163304,50,-4,330,1000,1,0
$IT,S,89,1163324,50,-5,339,1000,1,0
$IT,S,90,1163344,49,-6,349,1000,1,0
$IT,S,91,1163364,49,-7,359,1000,1,0
$IT,S,92,1163384,49,-8,368,1000,1,0
$IT,S,93,1163404,48,-9,378,1000,1,0
$IT,S,94,1163424,46,-9,388,1000,1,0
$IT,S,95,1163444,45,-9,398,1000,1,0
$IT,P,96,12,487
$IT,S,96,1163464,42,-9,407,1000,1,0
$IT,S,97,1163484,40,-9,417,1000,1,0
$IT,S,98,1163504,36,-8,427,1000,1,0
$IT,S,99,1163525,32,-7,436,1000,1,0
$IT,S,100,1163545,29,-7,446,1000,1,0
$IT,S,101,1163565,27,-7,455,1000,1,0
$IT,S,102,1163585,26,-9,465,1000,1,0
$IT,S,103,1163604,25,-9,475,1000,1,0
$IT,S,104,1163624,19,-6,484,1000,1,0
$IT,S,105,1163645,14,-5,494,1000,1,0
$IT,S,106,1163665,9,-5,503,1000,1,0
$IT,S,107,1163685,1,-3,513,1000,1,0
$IT,P,108,12,487
$IT,S,108,1163705,-7,0,522,1000,1,0
$IT,S,109,1163725,-10,0,532,1000,1,0
$IT,S,110,1163745,-14,-1,541,1000,1,0
$IT,S,111,1163765,-19,-1,551,1000,1,0
$IT,S,112,1163786,-24,-2,560,1000,1,0
$IT,S,113,1163806,-29,-3,570,1000,1,0
$IT,S,114,1163826,-33,-3,579,1000,1,0
$IT,S,115,1163846,-35,-3,589,1000,1,0
$IT,S,116,1163866,-39,-4,598,1000,1,0
$IT,S,117,1163886,-43,-4,607,1000,1,0
$IT,S,118,1163905,-47,-4,617,1000,1,0
$IT,S,119,1163925,-50,-4,626,1000,1,0
$IT,P,120,12,487
$IT,S,120,1163945,-52,-4,636,1000,1,0
$IT,S,121,1163965,-55,-5,645,1000,1,0
$IT,S,122,1163985,-56,-7,655,1000,1,0
$IT,S,123,1164005,-56,-7,664,1000,1,0
$IT,S,124,1164025,-56,-7,673,1000,1,0
$IT,S,125,1164045,-56,-7,683,1000,1,0
$IT,S,126,1164065,-55,-7,692,1000,1,0
$IT,S,127,1164085,-52,-7,702,1000,1,0
$IT,S,128,1164105,-50,-7,711,1000,1,0
$IT,S,129,1164124,-49,-6,721,1000,1,0
$IT,S,130,1164145,-48,-6,731,1000,1,0
$IT,S,131,1164165,-47,-6,740,1000,1,0
$IT,P,132,12,487
$IT,S,132,1164184,-48,-6,750,1000,1,0
$IT,S,133,1164204,-48,-7,759,1000,1,0
$IT,S,134,1164224,-48,-7,769,1000,1,0
$IT,S,135,1164244,-49,-7,778,1000,1,0
$IT,S,136,1164264,-50,-8,788,1000,1,0
$IT,S,137,1164284,-49,-8,798,1000,1,0
$IT,S,138,1164304,-48,-9,807,1000,1,0
$IT,S,139,1164324,-49,-9,817,1000,1,0
$IT,S,140,1164344,-48,-9,826,1000,1,0
$IT,S,141,1164364,-45,-7,836,1000,1,0
$IT,S,142,1164384,-46,-9,846,1000,1,0
$IT,S,143,1164404,-50,-11,855,1000,1,0
$IT,P,144,12,487
$IT,S,144,1164424,-49,-9,865,1000,1,0
$IT,S,145,1164444,-44,-7,874,1000,1,0
$IT,S,146,1164464,-40,-5,884,1000,1,0
$IT,S,147,1164484,-41,-5,894,1000,1,0
$IT,S,148,1164504,-42,-6,903,1000,1,0
$IT,S,149,1164524,-44,-7,913,1000,1,0
$IT,S,150,1164544,-43,-7,922,1000,1,0
$IT,S,151,1164565,-41,-5,932,1000,1,0
$IT,S,152,1164585,-38,-5,942,1000,1,0
$IT,S,153,1164605,-36,-5,951,1000,1,0
$IT,S,154,1164625,-35,-5,961,1000,1,0
$IT,S,155,1164646,-34,-4,971,1000,1,0
$IT,P,156,12,487
$IT,S,156,1164665,-32,-4,980,1000,1,0
$IT,S,157,1164685,-29,-4,990,1000,1,0
$IT,S,158,1164705,-27,-4,999,1000,1,0
$IT,S,159,1164725,-26,-4,9,1000,1,0
$IT,S,160,1164745,-26,-4,19,1000,1,0
$IT,S,161,1164765,-24,-4,28,1000,1,0
$IT,S,162,1164785,-23,-4,38,1000,1,0
$IT,S,163,1164805,-22,-4,48,1000,1,0
$IT,S,164,1164826,-21,-4,57,1000,1,0
$IT,S,165,1164846,-20,-4,67,1000,1,0
$IT,S,166,1164866,-20,-4,77,1000,1,0
$IT,S,167,1164886,-19,-5,86,1000,1,0
$IT,P,168,12,487
$IT,S,168,1164906,-19,-5,96,1000,1,0
$IT,S,169,1164926,-19,-5,106,1000,1,0
$IT,S,170,1164946,-20,-5,115,1000,1,0
$IT,S,171,1164965,-20,-5,125,1000,1,0
$IT,S,172,1164985,-19,-5,135,1000,1,0
$IT,S,173,1165005,-17,-6,144,1000,1,0
$IT,S,174,1165025,-14,-8,154,1000,1,0
$IT,S,175,1165046,-9,-10,163,1000,1,0
$IT,S,176,1165066,-4,-11,173,1000,1,0
$IT,S,177,1165086,-2,-12,183,1000,1,0
$IT,S,178,1165104,1,-12,192,1000,1,0
$IT,S,179,1165126,4,-13,202,1000,1,0
$IT,P,180,12,487
$IT,S,180,1165146,8,-14,212,1000,1,0
$IT,S,181,1165164,11,-14,221,1000,1,0
$IT,S,182,1165184,15,-14,231,1000,1,0
$IT,S,183,1165204,18,-14,240,1000,1,0
$IT,S,184,1165224,20,-14,250,1000,1,0
$IT,S,185,1165244,22,-13,260,1000,1,0
$IT,S,186,1165264,24,-13,269,1000,1,0
$IT,S,187,1165284,25,-12,279,1000,1,0
$IT,S,188,1165304,25,-12,289,1000,1,0
$IT,S,189,1165324,26,-13,298,1000,1,0
$IT,S,190,1165344,26,-13,308,1000,1,0
$IT,S,191,1165364,25,-12,318,1000,1,0
$IT,P,192,12,487
$IT,S,192,1165384,25,-13,328,1000,1,0
$IT,S,193,1165404,24,-13,337,1000,1,0
$IT,S,194,1165424,23,-13,347,1000,1,0
$IT,S,195,1165445,22,-13,357,1000,1,0
$IT,S,196,1165465,20,-14,366,1000,1,0
$IT,S,197,1165485,18,-14,376,1000,1,0
$IT,S,198,1165505,17,-14,386,1000,1,0
$IT,S,199,1165525,15,-13,396,1000,1,0
$IT,S,200,1165545,14,-13,405,1000,1,0
$IT,S,201,1165565,14,-13,415,1000,1,0
$IT,S,202,1165585,15,-14,425,1000,1,0
$IT,S,203,1165606,15,-14,435,1000,1,0
$IT,P,204,12,487
$IT,S,204,1165626,14,-14,444,1000,1,0
$IT,S,205,1165646,13,-14,454,1000,1,0
$IT,S,206,1165666,15,-15,464,1000,1,0
$IT,S,207,1165685,15,-14,473,1000,1,0
$IT,S,208,1165705,13,-12,483,1000,1,0
$IT,S,209,1165725,12,-11,493,1000,1,0
$IT,S,210,1165745,10,-10,502,1000,1,0
$IT,S,211,1165765,8,-8,512,1000,1,0
$IT,S,212,1165785,5,-6,522,1000,1,0
$IT,S,213,1165805,3,-5,532,1000,1,0
$IT,S,214,1165825,0,-4,541,1000,1,0
$IT,S,215,1165845,-5,-4,551,1000,1,0
$IT,P,216,12,487
$IT,S,216,1165866,-9,-4,561,1000,1,0
$IT,S,217,1165886,-13,-4,570,1000,1,0
$IT,S,218,1165906,-18,-4,580,1000,1,0
$IT,S,219,1165926,-22,-4,590,1000,1,0
$IT,S,220,1165946,-27,-4,600,1000,1,0
$IT,S,221,1165966,-31,-4,609,1000,1,0
$IT,S,222,1165984,-35,-4,619,1000,1,0
$IT,S,223,1166004,-40,-4,629,1000,1,0
$IT,S,224,1166024,-46,-5,639,1000,1,0
$IT,S,225,1166044,-51,-7,648,1000,1,0
$IT,S,226,1166065,-55,-9,658,1000,1,0
$IT,S,227,1166085,-58,-10,668,1000,1,0
$IT,P,228,12,487
$IT,S,228,1166105,-60,-11,677,1000,1,0
$IT,S,229,1166125,-61,-11,687,1000,1,0
$IT,S,230,1166144,-61,-11,697,1000,1,0
$IT,S,231,1166165,-61,-11,707,1000,1,0
$IT,S,232,1166185,-62,-12,716,1000,1,0
$IT,S,233,1166204,-63,-12,726,1000,1,0
$IT,S,234,1166224,-63,-12,736,1000,1,0
$IT,S,235,1166244,-62,-12,746,1000,1,0
$IT,S,236,1166264,-61,-12,755,1000,1,0
$IT,S,237,1166284,-61,-12,765,1000,1,0
$IT,S,238,1166304,-60,-11,775,1000,1,0
$IT,S,239,1166324,-57,-10,784,1000,1,0
$IT,P,240,12,487
$IT,S,240,1166345,-55,-10,794,1000,1,0
$IT,S,241,1166365,-54,-10,804,1000,1,0
$IT,S,242,1166385,-53,-11,814,1000,1,0
$IT,S,243,1166405,-50,-10,823,1000,1,0
$IT,S,244,1166425,-46,-10,833,1000,1,0
$IT,S,245,1166445,-49,-12,843,1000,1,0
$IT,S,246,1166465,-51,-13,853,1000,1,0
$IT,S,247,1166485,-46,-10,862,1000,1,0
$IT,S,248,1166505,-37,-7,872,1000,1,0
$IT,S,249,1166525,-35,-5,882,1000,1,0
$IT,S,250,1166545,-34,-5,891,1000,1,0
$IT,S,251,1166565,-35,-5,901,1000,1,0
$IT,P,252,12,487
$IT,S,252,1166585,-35,-5,911,1000,1,0
$IT,S,253,1166605,-32,-4,921,1000,1,0
$IT,S,254,1166625,-27,-3,930,1000,1,0
$IT,S,255,1166646,-24,-1,940,1000,1,0
$IT,S,256,1166666,-17,1,950,1000,1,0
$IT,S,257,1166686,-13,2,960,1000,1,0
$IT,S,258,1166706,-12,2,969,1000,1,0
$IT,S,259,1166725,-14,1,979,1000,1,0
$IT,S,260,1166745,-14,-1,989,1000,1,0
$IT,S,261,1166765,-13,-2,999,1000,1,0
$IT,S,262,1166785,-11,-3,8,1000,1,0
$IT,S,263,1166805,-10,-3,18,1000,1,0
$IT,P,264,12,487
$IT,S,264,1166825,-8,-4,28,1000,1,0
$IT,S,265,1166845,-8,-4,37,1000,1,0
$IT,S,266,1166865,-10,-4,47,1000,1,0
$IT,S,267,1166886,-11,-5,57,1000,1,0
$IT,S,268,1166906,-12,-5,67,1000,1,0
$IT,S,269,1166926,-14,-5,76,1000,1,0
$IT,S,270,1166946,-15,-6,86,1000,1,0
$IT,S,271,1166965,-17,-6,96,1000,1,0
$IT,S,272,1166985,-19,-6,106,1000,1,0
$IT,S,273,1167005,-20,-6,115,1000,1,0
$IT,S,274,1167024,-22,-5,125,1000,1,0
$IT,S,275,1167044,-23,-6,135,1000,1,0
$IT,P,276,12,487
$IT,S,276,1167064,-24,-6,144,1000,1,0
$IT,S,277,1167085,-24,-6,154,1000,1,0
$IT,S,278,1167105,-20,-8,164,1000,1,0
$IT,S,279,1167125,-15,-11,174,1000,1,0
$IT,S,280,1167145,-12,-12,183,1000,1,0
$IT,S,281,1167164,-10,-12,193,1000,1,0
$IT,S,282,1167185,-9,-13,203,1000,1,0
$IT,S,283,1167205,-4,-14,213,1000,1,0
$IT,S,284,1167225,1,-15,222,1000,1,0
$IT,S,285,1167245,4,-16,232,1000,1,0
$IT,S,286,1167265,8,-16,242,1000,1,0
$IT,S,287,1167285,12,-17,251,1000,1,0
$IT,P,288,12,487
$IT,S,288,1167305,17,-17,261,1000,1,0
$IT,S,289,1167325,22,-16,271,1000,1,0
$IT,S,290,1167345,26,-15,281,1000,1,0
$IT,S,291,1167365,30,-15,290,1000,1,0
$IT,S,292,1167385,35,-14,300,1000,1,0
$IT,S,293,1167405,38,-14,310,1000,1,0
$IT,S,294,1167425,42,-13,320,1000,1,0
$IT,S,295,1167445,45,-12,329,1000,1,0
$IT,S,296,1167465,47,-11,339,1000,1,0
$IT,S,297,1167485,49,-11,349,1000,1,0
$IT,S,298,1167505,51,-12,358,1000,1,0
$IT,S,299,1167525,51,-12,368,1000,1,0
$IT,P,300,12,487
$IT,S,300,1167545,51,-13,378,1000,1,0
$IT,S,301,1167565,51,-13,388,1000,1,0
$IT,S,302,1167585,50,-14,397,1000,1,0
$IT,S,303,1167605,50,-14,407,1000,1,0
$IT,S,304,1167625,50,-14,417,1000,1,0
$IT,S,305,1167645,49,-14,427,1000,1,0
$IT,S,306,1167666,48,-14,436,1000,1,0
$IT,S,307,1167686,46,-13,446,1000,1,0
$IT,S,308,1167706,43,-12,456,1000,1,0
$IT,S,309,1167726,40,-10,465,1000,1,0
$IT,S,310,1167744,36,-9,475,1000,1,0
$IT,S,311,1167764,30,-7,485,1000,1,0
$IT,P,312,12,487
$IT,S,312,1167784,25,-5,495,1000,1,0
$IT,S,313,1167804,18,-4,504,1000,1,0
$IT,S,314,1167822,10,-2,514,1000,1,0
$IT,S,315,1167844,2,0,524,1000,1,0
$IT,S,316,1167864,-5,1,534,1000,1,0
$IT,S,317,1167884,-11,0,543,1000,1,0
$IT,S,318,1167904,-19,0,553,1000,1,0
$IT,S,319,1167925,-27,0,563,1000,1,0
$IT,S,320,1167945,-35,-1,572,1000,1,0
$IT,S,321,1167965,-39,-2,582,1000,1,0
$IT,S,322,1167985,-46,-2,592,1000,1,0
$IT,S,323,1168005,-50,-3,602,1000,1,0
$IT,P,324,12,487
$IT,S,324,1168025,-55,-4,611,1000,1,0
$IT,S,325,1168044,-59,-4,621,1000,1,0
$IT,S,326,1168064,-61,-4,631,1000,1,0
$IT,S,327,1168084,-63,-5,641,1000,1,0
$IT,S,328,1168104,-65,-7,650,1000,1,0
$IT,S,329,1168125,-68,-8,660,1000,1,0
$IT,S,330,1168145,-68,-9,670,1000,1,0
$IT,S,331,1168165,-68,-9,680,1000,1,0
$IT,S,332,1168185,-67,-9,689,1000,1,0
$IT,S,333,1168205,-66,-9,699,1000,1,0
$IT,S,334,1168226,-65,-8,709,1000,1,0
$IT,S,335,1168246,-63,-8,718,1000,1,0
$IT,P,336,12,487
$IT,S,336,1168265,-61,-8,728,1000,1,0
$IT,S,337,1168285,-59,-8,738,1000,1,0
$IT,S,338,1168305,-57,-8,748,1000,1,0
$IT,S,339,1168325,-55,-10,757,1000,1,0
$IT,S,340,1168345,-51,-10,767,1000,1,0
$IT,S,341,1168365,-49,-10,777,1000,1,0
$IT,S,342,1168385,-48,-11,787,1000,1,0
$IT,S,343,1168405,-46,-10,796,1000,1,0
$IT,S,344,1168425,-43,-10,806,1000,1,0
$IT,S,345,1168445,-44,-12,816,1000,1,0
$IT,S,346,1168465,-43,-12,825,1000,1,0
$IT,S,347,1168485,-38,-10,835,1000,1,0
$IT,P,348,12,487
$IT,S,348,1168505,-32,-7,845,1000,1,0
$IT,S,349,1168525,-29,-7,855,1000,1,0
$IT,S,350,1168545,-29,-5,864,1000,1,0
$IT,S,351,1168565,-25,-4,874,1000,1,0
$IT,S,352,1168585,-19,-3,884,1000,1,0
$IT,S,353,1168605,-14,-1,894,1000,1,0
$IT,S,354,1168625,-12,1,903,1000,1,0
$IT,S,355,1168645,-10,1,913,1000,1,0
$IT,S,356,1168660,-8,1,922,1000,1,0
$IT,S,357,1168679,-5,1,932,1000,1,0
$IT,S,358,1168699,-2,2,941,1000,1,0
$IT,S,359,1168719,3,2,950,1000,1,0
$IT,P,360,12,487
$IT,S,360,1168739,7,4,958,1000,1,0
$IT,S,361,1168759,10,4,967,1000,1,0
$IT,S,362,1168779,12,4,975,1000,1,0
$IT,S,363,1168799,14,4,983,1000,1,0
$IT,S,364,1168820,15,3,992,1000,1,0
$IT,S,365,1168840,16,3,0,1000,1,0
$IT,S,366,1168860,16,2,8,1000,1,0
$IT,S,367,1168882,18,3,16,1000,1,0
$IT,S,368,1168902,19,3,25,1000,1,0
$IT,S,369,1168922,21,3,33,1000,1,0
$IT,S,370,1168940,24,2,41,1000,1,0
$IT,S,371,1168960,26,2,49,1000,1,0
$IT,P,372,12,487
$IT,S,372,1168979,27,2,58,1000,1,0
$IT,S,373,1168999,28,1,66,1000,1,0
$IT,S,374,1169020,29,1,74,1000,1,0
$IT,S,375,1169040,30,0,82,1000,1,0
$IT,S,376,1169060,30,0,90,1000,1,0
$IT,S,377,1169082,28,-1,99,1000,1,0
$IT,S,378,1169102,24,-1,107,1000,1,0
$IT,S,379,1169122,18,-3,115,1000,1,0
$IT,S,380,1169142,10,-4,123,1000,1,0
$IT,S,381,1169159,1,-5,132,1000,1,0
$IT,S,382,1169179,-7,-7,140,1000,1,0
$IT,S,383,1169199,-16,-9,148,1000,1,0
$IT,P,384,12,487
$IT,S,384,1169218,-25,-12,156,1000,1,0
$IT,S,385,1169238,-30,-12,165,1000,1,0
$IT,S,386,1169258,-35,-11,173,1000,1,0
$IT,S,387,1169278,-39,-11,181,1000,1,0
$IT,S,388,1169298,-45,-12,189,1000,1,0
$IT,S,389,1169318,-50,-12,197,1000,1,0
$IT,S,390,1169338,-51,-12,206,1000,1,0
$IT,S,391,1169358,-51,-12,214,1000,1,0
$IT,S,392,1169378,-51,-12,222,1000,1,0
$IT,S,393,1169398,-50,-12,230,1000,1,0
$IT,S,394,1169418,-47,-12,239,1000,1,0
$IT,S,395,1169439,-44,-12,247,1000,1,0
$IT,P,396,12,487
$IT,S,396,1169459,-40,-12,255,1000,1,0
$IT,S,397,1169479,-36,-12,263,1000,1,0
$IT,S,398,1169501,-32,-12,272,1000,1,0
$IT,S,399,1169521,-29,-12,280,1000,1,0
$IT,S,400,1169541,-27,-13,288,1000,1,0
$IT,S,401,1169561,-24,-14,296,1000,1,0
$IT,S,402,1169580,-23,-14,304,1000,1,0
$IT,S,403,1169600,-20,-15,313,1000,1,0
$IT,S,404,1169620,-19,-15,321,1000,1,0
$IT,S,405,1169641,-19,-17,329,1000,1,0
$IT,S,406,1169661,-19,-17,337,1000,1,0
$IT,S,407,1169681,-17,-18,346,1000,1,0
$IT,P,408,12,487
$IT,S,408,1169701,-18,-19,354,1000,1,0
$IT,S,409,1169722,-19,-19,362,1000,1,0
$IT,S,410,1169742,-22,-17,370,1000,1,0
$IT,S,411,1169760,-25,-15,379,1000,1,0
$IT,S,412,1169779,-29,-14,387,1000,1,0
$IT,S,413,1169799,-32,-12,395,1000,1,0
$IT,S,414,1169820,-35,-11,403,1000,1,0
$IT,S,415,1169840,-35,-10,411,1000,1,0
$IT,S,416,1169860,-35,-11,420,1000,1,0
$IT,S,417,1169880,-35,-11,428,1000,1,0
$IT,S,418,1169902,-35,-11,436,1000,1,0
$IT,S,419,1169922,-35,-11,444,1000,1,0
$IT,P,420,12,487
$IT,S,420,1169940,-35,-11,453,1000,1,0
$IT,S,421,1169960,-35,-11,461,1000,1,0
$IT,S,422,1169980,-36,-11,469,1000,1,0
$IT,S,423,1170000,-35,-11,477,1000,1,0
$IT,S,424,1170018,-34,-11,486,1000,1,0
$IT,S,425,1170038,-33,-10,494,1000,1,0
$IT,S,426,1170058,-32,-10,502,1000,1,0
$IT,S,427,1170078,-32,-10,510,1000,1,0
$IT,S,428,1170098,-32,-10,518,1000,1,0
$IT,S,429,1170118,-29,-10,527,1000,1,0
$IT,S,430,1170138,-29,-10,535,1000,1,0
$IT,S,431,1170158,-30,-10,543,1000,1,0
$IT,P,432,12,487
$IT,S,432,1170178,-30,-10,551,1000,1,0
$IT,S,433,1170198,-32,-10,560,1000,1,0
$IT,S,434,1170218,-32,-10,568,1000,1,0
$IT,S,435,1170238,-32,-10,576,1000,1,0
$IT,S,436,1170258,-32,-10,584,1000,1,0
$IT,S,437,1170276,-32,-10,584,1000,1,0
$IT,S,438,1170296,-32,-10,584,1000,1,0
$IT,S,439,1170316,-32,-10,584,1000,1,0
$IT,S,440,1170336,-31,-10,584,1000,1,0
$IT,S,441,1170356,-31,-10,584,1000,1,0
$IT,S,442,1170376,-31,-10,584,1000,1,0
$IT,S,443,1170396,-32,-10,584,1000,1,0
$IT,P,444,12,487
$IT,S,444,1170416,-32,-10,584,1000,1,0
$IT,S,445,1170436,-32,-10,584,1000,1,0
$IT,S,446,1170456,-32,-10,584,1000,1,0
$IT,S,447,1170476,-32,-10,584,1000,1,0
$IT,S,448,1170496,-32,-10,584,1000,1,0
$IT,S,449,1170516,-32,-10,584,1000,1,0
$IT,S,450,1170536,-32,-10,584,1000,1,0
$IT,S,451,1170556,-32,-10,584,1000,1,0
$IT,S,452,1170576,-32,-10,584,1000,1,0
$IT,S,453,1170595,-32,-10,584,1000,1,0
$IT,S,454,1170616,-32,-10,584,1000,1,0
$IT,S,455,1170636,-32,-10,584,1000,1,0
$IT,P,456,12,487
$IT,S,456,1170655,-32,-10,584,1000,1,0
$IT,S,457,1170675,-32,-11,584,1000,1,0
$IT,S,458,1170695,-32,-11,584,1000,1,0
$IT,S,459,1170715,-31,-11,584,1000,1,0
$IT,S,460,1170735,-31,-11,584,1000,1,0
$IT,S,461,1170755,-32,-11,584,1000,1,0
$IT,S,462,1170775,-32,-10,584,1000,1,0
$IT,S,463,1170795,-32,-10,584,1000,1,0
$IT,S,464,1170815,-32,-10,584,1000,1,0
$IT,S,465,1170835,-31,-10,584,1000,1,0
$IT,S,466,1170855,-31,-10,584,1000,1,0
$IT,S,467,1170875,-31,-10,584,1000,1,0
$IT,P,468,12,487
$IT,S,468,1170895,-31,-10,584,1000,1,0
$IT,S,469,1170915,-31,-10,584,1000,1,0
$IT,S,470,1170935,-31,-10,584,1000,1,0
$IT,S,471,1170955,-31,-10,584,1000,1,0
$IT,S,472,1170975,-31,-10,584,1000,1,0
$IT,S,473,1170995,-31,-10,584,1000,1,0
$IT,S,474,1171015,-31,-10,584,1000,1,0
$IT,S,475,1171036,-31,-10,584,1000,1,0
$IT,S,476,1171056,-31,-10,584,1000,1,0
$IT,S,477,1171076,-31,-10,584,1000,1,0
$IT,S,478,1171096,-31,-10,584,1000,1,0
$IT,S,479,1171116,-31,-10,584,1000,1,0
$IT,P,480,7,487
$IT,S,480,1171136,-31,-10,584,1000,1,0
$IT,S,481,1171156,-31,-10,584,1000,1,0
$IT,S,482,1171176,-31,-10,584,1000,1,0
$IT,S,483,1171196,-31,-9,584,1000,1,0
$IT,S,484,1171216,-31,-9,584,1000,1,0
$IT,S,485,1171236,-31,-9,584,1000,1,0
$IT,S,486,1171256,-31,-9,584,1000,1,0
$IT,END
