$JT,M,1,256,512,0,1,23,3400,254
$JT,R,s-native-v6-2-7-v77
$JT,J,0,1,1929,-1
$JT,J,1,2,2077,-1
$JT,J,2,3,1965,1
$JT,J,3,4,2089,1
$JT,J,4,5,1922,1
$JT,J,5,6,2081,-1
$JT,J,6,7,2104,-1
$JT,J,7,8,1942,-1
$JT,J,8,9,1964,1
$JT,J,9,10,1951,1
$JT,J,10,11,2255,1
$JT,J,11,12,2046,-1
$JT,P,0,12,768
$JT,C,0,1161558,1161558,1929,1554,2989,2089,2445,1057,2104,1419,2988,1951,2778,1022
$JT,C,1,1161579,1161580,1929,1554,2989,2089,2445,1057,2104,1419,2988,1951,2778,1022
$JT,C,2,1161600,1161600,1929,1554,2989,2089,2447,1055,2104,1417,2990,1951,2778,1022
$JT,C,3,1161620,1161620,1929,1554,2989,2089,2450,1050,2104,1414,2995,1951,2778,1022
$JT,C,4,1161638,1161639,1929,1554,2989,2089,2454,1042,2104,1410,3003,1951,2778,1022
$JT,C,5,1161658,1161659,1929,1554,2989,2090,2460,1032,2104,1404,3013,1951,2778,1022
$JT,C,6,1161679,1161680,1929,1554,2989,2091,2469,1018,2104,1396,3026,1951,2778,1022
$JT,C,7,1161699,1161700,1929,1554,2989,2092,2478,1004,2104,1387,3039,1951,2778,1022
$JT,C,8,1161719,1161720,1929,1554,2989,2094,2487,989,2104,1378,3054,1951,2778,1022
$JT,C,9,1161739,1161740,1929,1555,2989,2095,2498,975,2104,1369,3067,1951,2777,1022
$JT,C,10,1161759,1161760,1929,1555,2989,2097,2506,963,2104,1361,3078,1951,2777,1022
$JT,C,11,1161778,1161779,1929,1555,2989,2099,2513,953,2104,1354,3086,1951,2777,1022
$JT,P,12,12,768
$JT,C,12,1161798,1161799,1929,1555,2989,2103,2518,947,2104,1349,3092,1951,2777,1022
$JT,C,13,1161818,1161819,1929,1555,2989,2106,2523,943,2104,1347,3094,1951,2778,1022
$JT,C,14,1161838,1161839,1929,1554,2989,2109,2525,941,2104,1345,3094,1951,2778,1022
$JT,C,15,1161858,1161859,1929,1554,2989,2114,2528,940,2104,1342,3094,1951,2778,1022
$JT,C,16,1161878,1161879,1929,1552,2989,2119,2531,938,2104,1341,3094,1951,2780,1022
$JT,C,17,1161898,1161899,1929,1551,2989,2123,2533,935,2104,1340,3094,1951,2781,1022
$JT,C,18,1161918,1161919,1929,1550,2989,2128,2535,933,2104,1339,3094,1951,2782,1022
$JT,C,19,1161938,1161939,1929,1548,2989,2133,2538,932,2104,1338,3094,1951,2784,1022
$JT,C,20,1161958,1161959,1929,1547,2989,2139,2539,930,2104,1338,3094,1951,2786,1022
$JT,C,21,1161978,1161979,1929,1543,2989,2145,2540,927,2104,1338,3094,1951,2789,1022
$JT,C,22,1161998,1161999,1929,1541,2989,2152,2541,925,2104,1338,3094,1951,2792,1022
$JT,C,23,1162018,1162019,1929,1538,2989,2158,2542,923,2104,1339,3094,1951,2795,1022
$JT,P,24,12,768
$JT,C,24,1162038,1162039,1929,1534,2988,2165,2542,920,2104,1339,3094,1951,2799,1023
$JT,C,25,1162058,1162059,1929,1530,2988,2172,2542,918,2104,1341,3094,1951,2802,1023
$JT,C,26,1162078,1162079,1929,1525,2988,2179,2542,916,2104,1342,3094,1951,2807,1023
$JT,C,27,1162098,1162099,1929,1521,2987,2186,2541,915,2104,1345,3094,1951,2811,1024
$JT,C,28,1162118,1162119,1929,1516,2987,2194,2540,913,2104,1347,3094,1951,2816,1024
$JT,C,29,1162138,1162139,1929,1512,2986,2201,2539,911,2104,1349,3094,1951,2820,1025
$JT,C,30,1162158,1162159,1929,1506,2984,2207,2538,910,2104,1351,3094,1951,2825,1027
$JT,C,31,1162178,1162179,1929,1500,2983,2214,2536,909,2104,1354,3094,1951,2830,1028
$JT,C,32,1162198,1162199,1929,1496,2982,2221,2534,908,2104,1357,3094,1951,2835,1029
$JT,C,33,1162220,1162220,1929,1490,2980,2228,2533,907,2104,1359,3094,1951,2840,1030
$JT,C,34,1162238,1162239,1929,1485,2979,2235,2531,906,2104,1363,3095,1951,2844,1031
$JT,C,35,1162258,1162259,1929,1481,2978,2241,2528,906,2104,1365,3095,1951,2849,1033
$JT,P,36,12,768
$JT,C,36,1162278,1162279,1929,1476,2975,2247,2527,905,2104,1367,3094,1951,2852,1035
$JT,C,37,1162298,1162299,1929,1472,2974,2253,2525,905,2104,1370,3094,1951,2857,1036
$JT,C,38,1162318,1162319,1929,1468,2972,2259,2524,905,2104,1372,3094,1951,2860,1037
$JT,C,39,1162338,1162339,1929,1465,2971,2264,2522,905,2104,1374,3094,1951,2864,1039
$JT,C,40,1162358,1162359,1929,1461,2969,2269,2520,905,2104,1377,3094,1951,2866,1040
$JT,C,41,1162378,1162379,1929,1458,2967,2272,2519,905,2104,1378,3094,1951,2869,1041
$JT,C,42,1162398,1162399,1929,1456,2966,2277,2518,905,2104,1380,3094,1951,2872,1042
$JT,C,43,1162418,1162419,1929,1453,2965,2280,2516,908,2104,1382,3092,1951,2873,1044
$JT,C,44,1162438,1162439,1929,1452,2964,2282,2511,914,2104,1387,3086,1951,2874,1044
$JT,C,45,1162458,1162459,1929,1450,2963,2286,2506,923,2104,1392,3077,1951,2875,1045
$JT,C,46,1162480,1162480,1929,1449,2962,2288,2499,934,2104,1399,3064,1951,2876,1045
$JT,C,47,1162500,1162500,1929,1448,2962,2289,2491,949,2104,1408,3051,1951,2877,1046
$JT,P,48,12,768
$JT,C,48,1162520,1162520,1929,1448,2961,2292,2483,964,2104,1416,3036,1951,2877,1046
$JT,C,49,1162540,1162540,1929,1447,2961,2292,2475,978,2104,1425,3021,1951,2877,1046
$JT,C,50,1162560,1162560,1929,1447,2961,2293,2468,992,2104,1432,3007,1951,2877,1046
$JT,C,51,1162578,1162579,1929,1446,2961,2294,2462,1002,2104,1438,2997,1951,2877,1046
$JT,C,52,1162598,1162599,1929,1446,2959,2294,2459,1009,2104,1443,2990,1951,2877,1046
$JT,C,53,1162618,1162619,1929,1446,2959,2294,2458,1011,2104,1444,2988,1951,2877,1046
$JT,C,54,1162638,1162639,1929,1446,2959,2294,2458,1013,2104,1445,2987,1951,2877,1046
$JT,C,55,1162658,1162659,1929,1446,2961,2294,2458,1013,2104,1445,2987,1951,2877,1045
$JT,C,56,1162678,1162679,1929,1443,2963,2294,2458,1013,2104,1445,2987,1951,2879,1042
$JT,C,57,1162698,1162699,1929,1440,2970,2294,2458,1013,2104,1445,2987,1951,2882,1037
$JT,C,58,1162718,1162719,1929,1434,2980,2294,2459,1013,2104,1444,2988,1951,2888,1025
$JT,C,59,1162740,1162740,1928,1427,2994,2293,2459,1013,2105,1443,2988,1950,2894,1013
$JT,P,60,12,768
$JT,C,60,1162760,1162760,1928,1419,3009,2293,2460,1013,2105,1441,2988,1950,2902,997
$JT,C,61,1162780,1162780,1927,1411,3025,2292,2461,1011,2106,1440,2989,1949,2911,980
$JT,C,62,1162800,1162800,1926,1405,3042,2290,2464,1011,2107,1438,2989,1948,2918,964
$JT,C,63,1162820,1162820,1926,1399,3056,2289,2465,1011,2107,1436,2990,1948,2923,950
$JT,C,64,1162839,1162840,1923,1395,3068,2288,2467,1011,2110,1433,2991,1945,2926,939
$JT,C,65,1162859,1162860,1922,1395,3075,2287,2469,1011,2111,1430,2991,1944,2927,931
$JT,C,66,1162878,1162879,1920,1398,3081,2285,2473,1010,2113,1425,2993,1942,2925,926
$JT,C,67,1162898,1162899,1919,1401,3083,2282,2476,1010,2114,1422,2994,1941,2922,924
$JT,C,68,1162918,1162919,1916,1406,3087,2281,2480,1010,2117,1417,2995,1938,2918,921
$JT,C,69,1162940,1162940,1914,1409,3090,2278,2483,1010,2119,1412,2997,1936,2915,918
$JT,C,70,1162960,1162960,1911,1414,3093,2276,2487,1010,2122,1407,2998,1933,2910,916
$JT,C,71,1162980,1162980,1909,1418,3096,2273,2491,1010,2124,1402,2999,1931,2906,914
$JT,P,72,12,768
$JT,C,72,1163000,1163000,1905,1423,3098,2270,2495,1010,2128,1396,3001,1927,2902,910
$JT,C,73,1163020,1163020,1902,1428,3102,2266,2500,1010,2131,1390,3002,1924,2898,908
$JT,C,74,1163040,1163040,1898,1433,3104,2263,2505,1011,2135,1383,3003,1920,2894,906
$JT,C,75,1163060,1163060,1895,1438,3106,2260,2509,1011,2138,1378,3004,1917,2890,904
$JT,C,76,1163078,1163079,1891,1442,3110,2256,2514,1013,2142,1372,3004,1913,2886,901
$JT,C,77,1163100,1163100,1888,1448,3112,2253,2517,1014,2145,1365,3005,1910,2882,899
$JT,C,78,1163118,1163119,1885,1452,3114,2249,2522,1014,2148,1359,3005,1907,2879,897
$JT,C,79,1163138,1163139,1881,1457,3115,2245,2526,1015,2152,1354,3006,1903,2875,896
$JT,C,80,1163158,1163159,1877,1460,3118,2241,2531,1016,2156,1347,3006,1899,2872,893
$JT,C,81,1163178,1163179,1873,1465,3119,2238,2534,1017,2160,1342,3006,1895,2868,892
$JT,C,82,1163198,1163199,1870,1468,3121,2235,2538,1018,2163,1337,3006,1892,2866,890
$JT,C,83,1163218,1163219,1866,1473,3122,2230,2541,1021,2167,1331,3006,1888,2863,889
$JT,P,84,12,768
$JT,C,84,1163238,1163239,1862,1476,3123,2227,2544,1022,2171,1326,3006,1884,2860,888
$JT,C,85,1163258,1163259,1858,1480,3124,2223,2548,1023,2175,1322,3006,1880,2858,887
$JT,C,86,1163278,1163279,1855,1482,3126,2220,2550,1024,2178,1317,3005,1877,2856,885
$JT,C,87,1163298,1163299,1853,1485,3127,2216,2553,1026,2180,1313,3005,1875,2855,884
$JT,C,88,1163318,1163319,1849,1488,3128,2214,2556,1027,2184,1309,3005,1871,2852,883
$JT,C,89,1163338,1163339,1846,1490,3128,2211,2558,1030,2187,1306,3004,1868,2851,882
$JT,C,90,1163358,1163359,1844,1492,3129,2208,2559,1031,2189,1303,3004,1866,2850,882
$JT,C,91,1163378,1163379,1841,1493,3129,2205,2561,1032,2192,1299,3003,1863,2849,881
$JT,C,92,1163398,1163399,1839,1496,3130,2203,2563,1033,2194,1297,3003,1861,2848,881
$JT,C,93,1163418,1163419,1837,1497,3130,2202,2565,1034,2196,1295,3002,1859,2847,880
$JT,C,94,1163438,1163439,1835,1498,3130,2199,2566,1035,2198,1292,3002,1857,2846,881
$JT,C,95,1163458,1163459,1833,1501,3127,2197,2567,1037,2200,1291,3002,1855,2843,884
$JT,P,96,12,768
$JT,C,96,1163478,1163479,1831,1506,3120,2196,2568,1038,2202,1289,3002,1853,2839,891
$JT,C,97,1163498,1163499,1830,1512,3110,2195,2568,1038,2203,1288,3001,1852,2833,900
$JT,C,98,1163520,1163520,1829,1518,3097,2194,2569,1039,2204,1288,3001,1851,2825,914
$JT,C,99,1163540,1163540,1829,1526,3082,2193,2571,1039,2204,1287,3001,1851,2817,928
$JT,C,100,1163560,1163560,1828,1534,3068,2193,2571,1040,2205,1286,3001,1850,2808,942
$JT,C,101,1163580,1163580,1828,1542,3054,2191,2571,1040,2205,1286,3001,1850,2801,956
$JT,C,102,1163598,1163599,1827,1548,3042,2191,2571,1040,2206,1286,3001,1849,2794,967
$JT,C,103,1163618,1163619,1827,1552,3035,2191,2572,1040,2206,1286,3001,1849,2790,975
$JT,C,104,1163638,1163639,1827,1555,3030,2191,2572,1041,2206,1286,3001,1849,2787,980
$JT,C,105,1163658,1163659,1827,1556,3029,2191,2572,1041,2206,1286,3001,1849,2786,982
$JT,C,106,1163678,1163679,1827,1556,3029,2191,2572,1041,2206,1286,3001,1849,2786,982
$JT,C,107,1163698,1163699,1827,1555,3029,2191,2573,1040,2206,1286,3002,1849,2786,982
$JT,P,108,12,768
$JT,C,108,1163718,1163719,1827,1555,3029,2191,2574,1035,2206,1283,3005,1849,2786,982
$JT,C,109,1163738,1163739,1827,1555,3029,2191,2578,1029,2206,1279,3013,1849,2786,982
$JT,C,110,1163758,1163759,1827,1554,3029,2191,2584,1017,2206,1273,3024,1849,2786,982
$JT,C,111,1163780,1163780,1827,1554,3029,2191,2591,1005,2206,1266,3038,1849,2787,982
$JT,C,112,1163800,1163800,1827,1552,3029,2191,2599,989,2206,1258,3053,1849,2789,982
$JT,C,113,1163820,1163820,1827,1550,3029,2191,2606,974,2206,1251,3069,1849,2790,982
$JT,C,114,1163840,1163840,1827,1549,3029,2191,2613,959,2206,1246,3082,1849,2791,982
$JT,C,115,1163860,1163860,1827,1547,3029,2191,2616,947,2206,1241,3095,1849,2793,981
$JT,C,116,1163880,1163880,1827,1545,3029,2191,2618,938,2206,1240,3105,1849,2795,981
$JT,C,117,1163898,1163899,1827,1541,3029,2191,2618,932,2206,1240,3111,1849,2798,981
$JT,C,118,1163918,1163919,1827,1538,3030,2191,2615,928,2206,1243,3114,1849,2800,981
$JT,C,119,1163938,1163939,1827,1534,3030,2191,2611,926,2206,1248,3117,1849,2803,981
$JT,P,120,12,768
$JT,C,120,1163958,1163959,1827,1531,3030,2191,2607,925,2206,1253,3118,1849,2807,982
$JT,C,121,1163978,1163979,1827,1527,3030,2191,2602,924,2206,1257,3120,1849,2810,982
$JT,C,122,1163998,1163999,1827,1523,3029,2191,2597,923,2206,1262,3121,1849,2815,982
$JT,C,123,1164018,1164019,1827,1518,3029,2191,2592,920,2206,1267,3122,1849,2818,982
$JT,C,124,1164038,1164039,1827,1514,3029,2191,2586,919,2206,1273,3125,1849,2823,982
$JT,C,125,1164058,1164059,1827,1509,3029,2191,2582,918,2206,1279,3126,1849,2827,983
$JT,C,126,1164078,1164079,1827,1505,3028,2191,2576,917,2206,1283,3127,1849,2832,983
$JT,C,127,1164098,1164099,1827,1499,3028,2191,2572,917,2206,1289,3128,1849,2836,984
$JT,C,128,1164118,1164119,1827,1494,3027,2191,2567,916,2206,1295,3129,1849,2841,984
$JT,C,129,1164138,1164139,1827,1489,3027,2191,2561,915,2206,1300,3129,1849,2846,986
$JT,C,130,1164158,1164159,1827,1484,3025,2191,2557,915,2206,1306,3130,1849,2849,987
$JT,C,131,1164178,1164179,1827,1479,3024,2191,2552,914,2206,1311,3131,1849,2853,987
$JT,P,132,12,768
$JT,C,132,1164198,1164199,1827,1474,3023,2191,2548,914,2206,1316,3131,1849,2858,988
$JT,C,133,1164218,1164219,1827,1469,3022,2191,2544,914,2206,1321,3131,1849,2861,989
$JT,C,134,1164238,1164239,1827,1465,3021,2191,2540,914,2206,1325,3131,1849,2866,990
$JT,C,135,1164258,1164259,1827,1460,3019,2191,2536,913,2206,1330,3132,1849,2869,991
$JT,C,136,1164278,1164279,1827,1456,3017,2191,2533,913,2206,1334,3132,1849,2873,992
$JT,C,137,1164298,1164299,1827,1452,3016,2191,2531,913,2206,1338,3132,1849,2876,994
$JT,C,138,1164318,1164319,1827,1449,3015,2191,2527,913,2206,1341,3132,1849,2880,995
$JT,C,139,1164338,1164339,1827,1446,3014,2191,2525,913,2206,1345,3132,1849,2883,996
$JT,C,140,1164358,1164359,1827,1442,3012,2191,2523,913,2206,1348,3132,1849,2885,997
$JT,C,141,1164378,1164379,1827,1439,3011,2191,2520,913,2206,1350,3132,1849,2888,998
$JT,C,142,1164398,1164399,1827,1436,3009,2191,2519,913,2206,1353,3132,1849,2890,999
$JT,C,143,1164418,1164419,1827,1433,3008,2191,2517,913,2206,1355,3132,1849,2892,999
$JT,P,144,12,768
$JT,C,144,1164438,1164439,1827,1431,3007,2191,2516,913,2206,1357,3131,1849,2894,1000
$JT,C,145,1164458,1164459,1827,1430,3006,2191,2515,913,2206,1358,3131,1849,2896,1002
$JT,C,146,1164478,1164479,1827,1427,3005,2191,2514,914,2206,1361,3131,1849,2898,1003
$JT,C,147,1164498,1164499,1827,1426,3005,2191,2511,916,2206,1363,3129,1849,2899,1003
$JT,C,148,1164518,1164519,1827,1425,3004,2191,2508,922,2206,1367,3123,1849,2900,1004
$JT,C,149,1164538,1164539,1827,1423,3003,2191,2502,931,2206,1373,3114,1849,2901,1004
$JT,C,150,1164558,1164559,1827,1423,3003,2191,2495,942,2206,1380,3102,1849,2902,1004
$JT,C,151,1164580,1164580,1827,1422,3003,2191,2487,956,2206,1388,3088,1849,2902,1005
$JT,C,152,1164600,1164600,1827,1421,3002,2191,2480,971,2206,1396,3073,1849,2902,1005
$JT,C,153,1164620,1164620,1827,1421,3002,2191,2472,985,2206,1404,3059,1849,2904,1005
$JT,C,154,1164640,1164640,1827,1421,3002,2191,2465,998,2206,1412,3046,1849,2904,1005
$JT,C,155,1164658,1164659,1827,1419,3002,2191,2459,1008,2206,1416,3037,1849,2904,1005
$JT,P,156,12,768
$JT,C,156,1164678,1164679,1827,1419,3002,2191,2456,1014,2206,1420,3031,1849,2904,1005
$JT,C,157,1164698,1164699,1827,1419,3002,2191,2454,1016,2206,1422,3028,1849,2904,1005
$JT,C,158,1164718,1164719,1827,1419,3002,2191,2454,1017,2206,1422,3028,1849,2904,1005
$JT,C,159,1164738,1164739,1827,1419,3002,2191,2454,1017,2206,1422,3028,1849,2904,1005
$JT,C,160,1164758,1164759,1827,1418,3004,2191,2454,1017,2206,1422,3028,1849,2906,1002
$JT,C,161,1164778,1164779,1827,1415,3011,2191,2454,1017,2206,1421,3028,1849,2909,996
$JT,C,162,1164798,1164799,1827,1409,3021,2191,2456,1017,2206,1421,3028,1849,2914,986
$JT,C,163,1164820,1164820,1827,1402,3033,2191,2456,1017,2206,1420,3028,1849,2921,973
$JT,C,164,1164840,1164840,1827,1394,3048,2191,2457,1017,2206,1420,3028,1849,2929,958
$JT,C,165,1164860,1164860,1827,1388,3064,2191,2458,1017,2206,1417,3028,1849,2937,942
$JT,C,166,1164880,1164880,1827,1381,3080,2191,2459,1016,2206,1416,3028,1849,2942,928
$JT,C,167,1164900,1164900,1827,1376,3093,2191,2461,1016,2206,1414,3028,1849,2948,914
$JT,P,168,12,768
$JT,C,168,1164920,1164920,1827,1374,3103,2191,2464,1016,2206,1412,3028,1849,2950,904
$JT,C,169,1164940,1164940,1827,1374,3111,2191,2466,1016,2206,1408,3028,1849,2950,897
$JT,C,170,1164958,1164959,1827,1376,3114,2191,2468,1016,2206,1405,3029,1849,2948,893
$JT,C,171,1164978,1164979,1827,1381,3116,2191,2472,1016,2206,1402,3029,1849,2943,891
$JT,C,172,1164998,1164999,1827,1385,3119,2191,2475,1017,2206,1398,3029,1849,2939,890
$JT,C,173,1165018,1165019,1827,1390,3120,2191,2478,1017,2206,1394,3029,1849,2934,889
$JT,C,174,1165040,1165040,1827,1395,3122,2191,2482,1017,2206,1389,3028,1849,2930,888
$JT,C,175,1165060,1165060,1827,1401,3123,2191,2486,1017,2206,1384,3028,1849,2924,885
$JT,C,176,1165080,1165080,1827,1407,3124,2191,2490,1017,2206,1380,3028,1849,2919,884
$JT,C,177,1165098,1165099,1827,1413,3127,2191,2494,1018,2206,1374,3028,1849,2915,883
$JT,C,178,1165120,1165120,1827,1418,3128,2191,2499,1018,2206,1370,3027,1849,2909,882
$JT,C,179,1165140,1165140,1827,1424,3129,2191,2503,1019,2206,1364,3027,1849,2905,882
$JT,P,180,12,768
$JT,C,180,1165158,1165159,1827,1430,3130,2191,2508,1019,2206,1359,3026,1849,2899,881
$JT,C,181,1165178,1165179,1827,1435,3130,2191,2513,1021,2206,1354,3026,1849,2894,880
$JT,C,182,1165198,1165199,1827,1441,3131,2191,2516,1022,2206,1349,3024,1849,2890,880
$JT,C,183,1165218,1165219,1827,1446,3132,2191,2520,1022,2206,1344,3023,1849,2885,879
$JT,C,184,1165238,1165239,1827,1451,3132,2191,2525,1023,2206,1339,3022,1849,2881,879
$JT,C,185,1165258,1165259,1827,1456,3132,2191,2530,1024,2206,1334,3021,1849,2877,879
$JT,C,186,1165278,1165279,1827,1460,3132,2191,2533,1025,2206,1330,3020,1849,2873,879
$JT,C,187,1165298,1165299,1827,1465,3133,2191,2536,1026,2206,1325,3018,1849,2869,878
$JT,C,188,1165318,1165319,1827,1469,3133,2191,2540,1027,2206,1321,3016,1849,2866,878
$JT,C,189,1165338,1165339,1827,1473,3133,2191,2543,1029,2206,1316,3015,1849,2864,878
$JT,C,190,1165358,1165359,1827,1477,3133,2191,2547,1030,2206,1313,3014,1849,2860,878
$JT,C,191,1165378,1165379,1827,1481,3133,2191,2549,1031,2206,1309,3012,1849,2858,878
$JT,P,192,12,768
$JT,C,192,1165398,1165399,1827,1484,3133,2191,2552,1032,2206,1306,3011,1849,2856,878
$JT,C,193,1165418,1165419,1827,1486,3133,2191,2555,1033,2206,1303,3010,1849,2855,878
$JT,C,194,1165438,1165439,1827,1489,3133,2191,2557,1034,2206,1300,3008,1849,2852,878
$JT,C,195,1165458,1165459,1827,1491,3132,2191,2559,1034,2206,1298,3007,1849,2851,878
$JT,C,196,1165478,1165479,1827,1493,3132,2191,2561,1035,2206,1296,3006,1849,2850,878
$JT,C,197,1165498,1165499,1827,1494,3132,2191,2563,1037,2206,1293,3005,1849,2849,878
$JT,C,198,1165518,1165519,1827,1497,3132,2191,2564,1037,2206,1291,3004,1849,2848,879
$JT,C,199,1165538,1165539,1827,1500,3129,2191,2566,1038,2206,1290,3003,1849,2846,882
$JT,C,200,1165558,1165559,1827,1505,3122,2191,2566,1038,2206,1289,3002,1849,2841,888
$JT,C,201,1165578,1165579,1827,1510,3113,2191,2567,1039,2206,1288,3002,1849,2835,898
$JT,C,202,1165600,1165600,1827,1517,3101,2191,2568,1039,2206,1287,3001,1849,2827,910
$JT,C,203,1165620,1165620,1827,1526,3086,2191,2569,1039,2206,1286,3001,1849,2819,925
$JT,P,204,12,768
$JT,C,204,1165640,1165640,1827,1534,3070,2191,2569,1040,2206,1286,3001,1849,2811,940
$JT,C,205,1165660,1165660,1827,1542,3056,2191,2569,1040,2206,1284,3001,1849,2803,954
$JT,C,206,1165678,1165679,1827,1549,3045,2191,2571,1040,2206,1284,2999,1849,2797,966
$JT,C,207,1165698,1165699,1827,1554,3036,2191,2571,1040,2206,1284,2999,1849,2792,974
$JT,C,208,1165718,1165719,1827,1556,3030,2191,2571,1040,2206,1284,2999,1849,2789,980
$JT,C,209,1165738,1165739,1827,1557,3029,2191,2571,1040,2206,1284,2999,1849,2787,981
$JT,C,210,1165758,1165759,1827,1557,3029,2191,2571,1040,2206,1284,2999,1849,2787,982
$JT,C,211,1165778,1165779,1827,1557,3029,2191,2571,1039,2206,1283,3001,1849,2787,982
$JT,C,212,1165798,1165799,1827,1557,3029,2191,2573,1035,2206,1282,3004,1849,2789,982
$JT,C,213,1165818,1165819,1827,1557,3029,2191,2577,1027,2206,1278,3012,1849,2789,982
$JT,C,214,1165838,1165839,1827,1557,3029,2191,2583,1016,2206,1272,3023,1849,2789,982
$JT,C,215,1165860,1165860,1827,1556,3029,2191,2590,1002,2206,1264,3037,1849,2790,982
$JT,P,216,12,768
$JT,C,216,1165880,1165880,1827,1555,3029,2191,2598,988,2206,1256,3053,1849,2791,982
$JT,C,217,1165900,1165900,1827,1552,3029,2191,2605,972,2206,1249,3069,1849,2792,982
$JT,C,218,1165920,1165920,1827,1551,3029,2191,2611,957,2206,1243,3084,1849,2793,981
$JT,C,219,1165940,1165940,1827,1549,3029,2191,2615,944,2206,1239,3096,1849,2795,981
$JT,C,220,1165960,1165960,1827,1546,3029,2191,2616,935,2206,1238,3105,1849,2798,981
$JT,C,221,1165978,1165979,1827,1543,3029,2191,2616,930,2206,1239,3111,1849,2800,981
$JT,C,222,1165998,1165999,1827,1540,3030,2191,2613,927,2206,1242,3114,1849,2803,981
$JT,C,223,1166018,1166019,1827,1535,3030,2191,2608,926,2206,1247,3117,1849,2807,982
$JT,C,224,1166038,1166039,1827,1532,3030,2191,2604,924,2206,1251,3118,1849,2810,982
$JT,C,225,1166060,1166060,1827,1527,3030,2191,2599,923,2206,1257,3120,1849,2814,982
$JT,C,226,1166080,1166080,1827,1523,3029,2191,2593,922,2206,1263,3121,1849,2817,982
$JT,C,227,1166100,1166100,1827,1518,3029,2191,2589,920,2206,1268,3123,1849,2822,982
$JT,P,228,12,768
$JT,C,228,1166120,1166120,1827,1513,3029,2191,2584,919,2206,1274,3125,1849,2825,983
$JT,C,229,1166138,1166139,1827,1508,3029,2191,2578,918,2206,1280,3126,1849,2830,983
$JT,C,230,1166160,1166160,1827,1502,3028,2191,2574,917,2206,1286,3127,1849,2834,983
$JT,C,231,1166180,1166180,1827,1497,3028,2191,2568,916,2206,1291,3128,1849,2839,984
$JT,C,232,1166198,1166199,1827,1492,3027,2191,2564,916,2206,1297,3129,1849,2843,986
$JT,C,233,1166218,1166219,1827,1486,3025,2191,2559,915,2206,1303,3130,1849,2848,986
$JT,C,234,1166238,1166239,1827,1481,3024,2191,2555,915,2206,1308,3130,1849,2852,987
$JT,C,235,1166258,1166259,1827,1476,3023,2191,2550,914,2206,1314,3131,1849,2856,988
$JT,C,236,1166278,1166279,1827,1472,3022,2191,2546,914,2206,1318,3131,1849,2860,989
$JT,C,237,1166298,1166299,1827,1466,3021,2191,2542,914,2206,1323,3131,1849,2864,990
$JT,C,238,1166318,1166319,1827,1461,3020,2191,2539,914,2206,1329,3132,1849,2868,991
$JT,C,239,1166338,1166339,1827,1458,3019,2191,2535,913,2206,1332,3132,1849,2872,992
$JT,P,240,12,768
$JT,C,240,1166358,1166359,1827,1453,3016,2191,2532,913,2206,1337,3132,1849,2875,994
$JT,C,241,1166378,1166379,1827,1449,3015,2191,2530,913,2206,1340,3132,1849,2879,995
$JT,C,242,1166398,1166399,1827,1446,3014,2191,2526,913,2206,1345,3132,1849,2881,996
$JT,C,243,1166418,1166419,1827,1442,3013,2191,2524,913,2206,1347,3132,1849,2884,996
$JT,C,244,1166438,1166439,1827,1439,3011,2191,2522,913,2206,1350,3132,1849,2886,997
$JT,C,245,1166458,1166459,1827,1436,3009,2191,2520,913,2206,1353,3132,1849,2889,998
$JT,C,246,1166478,1166479,1827,1434,3008,2191,2518,913,2206,1355,3132,1849,2891,999
$JT,C,247,1166498,1166499,1827,1431,3007,2191,2517,913,2206,1357,3131,1849,2893,1000
$JT,C,248,1166518,1166519,1827,1430,3006,2191,2516,913,2206,1359,3131,1849,2894,1000
$JT,C,249,1166538,1166539,1827,1427,3005,2191,2515,913,2206,1361,3131,1849,2897,1002
$JT,C,250,1166558,1166559,1827,1425,3004,2191,2514,915,2206,1363,3129,1849,2898,1003
$JT,C,251,1166578,1166579,1827,1424,3004,2191,2510,919,2206,1367,3125,1849,2899,1003
$JT,P,252,12,768
$JT,C,252,1166598,1166599,1827,1423,3003,2191,2505,928,2206,1372,3117,1849,2900,1004
$JT,C,253,1166618,1166619,1827,1422,3003,2191,2498,940,2206,1380,3105,1849,2901,1004
$JT,C,254,1166640,1166640,1827,1421,3002,2191,2490,953,2206,1388,3090,1849,2901,1004
$JT,C,255,1166660,1166660,1827,1421,3002,2191,2482,968,2206,1396,3076,1849,2902,1004
$JT,S,1161558,1161560,0,5,0,1037,0,-168,11,11500,33,0
$JT,S,1161560,1161562,0,6,0,2106,0,24,0,11400,32,0
$JT,S,1161580,1161582,1,7,0,1426,0,56,5,11400,29,0
$JT,S,1161582,1161584,1,8,0,3012,0,200,19,11500,35,0
$JT,S,1161600,1161602,2,9,0,1948,0,-32,1,11500,32,0
$JT,S,1161602,1161604,2,10,0,2777,0,-8,0,11400,31,0
$JT,S,1161620,1161622,3,11,0,1006,0,-136,7,11400,34,0
$JT,S,1161622,1161624,3,0,0,1931,0,24,0,11300,30,0
$JT,P,264,12,768
$JT,S,1161639,1161641,4,1,0,1557,0,24,2,11400,29,0
$JT,S,1161641,1161643,4,2,0,3004,0,128,10,11500,34,0
$JT,S,1161659,1161661,5,3,0,2087,0,-24,0,11500,32,0
$JT,S,1161661,1161663,5,4,0,2446,100,-64,3,11400,29,0
$JT,S,1161680,1161682,6,5,0,1037,0,0,0,11600,33,0
$JT,S,1161682,1161684,6,6,0,2106,0,24,0,11400,32,0
$JT,S,1161700,1161702,7,7,0,1415,-200,148,29,11400,29,0
$JT,S,1161702,1161704,7,8,0,3012,0,-48,0,11400,35,0
$JT,S,1161720,1161722,8,9,0,1948,0,-32,1,11400,33,0
$JT,S,1161722,1161724,8,10,0,2779,50,8,0,11400,31,0
$JT,S,1161740,1161742,9,11,0,1006,0,-136,7,11400,34,0
$JT,S,1161742,1161744,9,0,0,1932,0,36,0,11300,30,0
$JT,P,276,12,768
$JT,S,1161760,1161762,10,1,0,1552,-150,-24,1,11400,29,0
$JT,S,1161762,1161764,10,2,0,3004,0,128,9,11500,34,0
$JT,S,1161779,1161781,11,3,0,2093,50,-36,0,11500,32,0
$JT,S,1161781,1161783,11,4,0,2485,500,-160,21,11400,29,0
$JT,S,1161799,1161801,12,5,0,999,-450,168,1,11600,33,0
$JT,S,1161801,1161803,12,6,0,2109,50,52,1,11400,32,0
$JT,S,1161819,1161821,13,7,0,1366,-450,144,16,11500,29,0
$JT,S,1161821,1161823,13,8,0,3057,450,-140,1,11300,35,0
$JT,S,1161839,1161841,14,9,0,1955,50,44,1,11500,33,0
$JT,S,1161841,1161843,14,10,0,2780,0,16,0,11400,31,0
$JT,S,1161859,1161861,15,11,0,1004,0,-152,9,11400,33,0
$JT,S,1161861,1161863,15,0,0,1935,50,60,1,11300,30,0
$JT,P,288,12,768
$JT,S,1161879,1161881,16,1,0,1550,-50,-20,2,11500,29,0
$JT,S,1161881,1161883,16,2,0,3005,0,136,10,11500,34,0
$JT,S,1161899,1161901,17,3,0,2104,100,-100,2,11500,32,0
$JT,S,1161901,1161903,17,4,0,2526,150,-40,1,11400,29,0
$JT,S,1161919,1161921,18,5,0,946,-350,72,0,11600,33,0
$JT,S,1161921,1161923,18,6,0,2107,0,32,1,11400,32,0
$JT,S,1161939,1161941,19,7,0,1341,0,24,0,11400,29,0
$JT,S,1161941,1161943,19,8,0,3089,150,-36,1,11400,35,0
$JT,S,1161959,1161961,20,9,0,1959,50,76,3,11500,33,0
$JT,S,1161961,1161963,20,10,0,2779,150,-40,2,11400,31,0
$JT,S,1161979,1161981,21,11,0,1003,-50,-164,10,11300,34,0
$JT,S,1161981,1161983,21,0,0,1938,50,84,3,11300,30,0
$JT,P,300,12,768
$JT,S,1161999,1162001,22,1,0,1543,-50,8,0,11400,29,0
$JT,S,1162001,1162003,22,2,0,3005,0,136,8,11500,34,0
$JT,S,1162019,1162021,23,3,0,2133,200,-108,2,11500,43,0
$JT,S,1162021,1162023,23,4,0,2536,50,-40,1,11400,29,0
$JT,S,1162039,1162041,24,5,0,930,-50,68,1,11600,33,0
$JT,S,1162041,1162043,24,6,0,2107,0,32,0,11400,32,0
$JT,S,1162059,1162061,25,7,0,1340,0,8,0,11400,29,0
$JT,S,1162061,1162063,25,8,0,3093,100,24,0,11400,35,0
$JT,S,1162079,1162081,26,9,0,1960,0,80,3,11400,33,0
$JT,S,1162081,1162083,26,10,0,2788,100,-112,18,11400,31,0
$JT,S,1162099,1162101,27,11,0,1002,0,-176,13,11400,34,0
$JT,S,1162101,1162103,27,0,0,1937,-50,68,2,11300,30,0
$JT,P,312,12,768
$JT,S,1162119,1162121,28,1,0,1531,-150,92,7,11400,29,0
$JT,S,1162121,1162123,28,2,0,3006,0,164,16,10800,34,0
$JT,S,1162139,1162141,29,3,0,2170,350,-116,0,11500,32,0
$JT,S,1162141,1162143,29,4,0,2540,-50,8,0,11400,29,0
$JT,S,1162159,1162161,30,5,0,917,-100,60,1,11600,33,0
$JT,S,1162161,1162163,30,6,0,2105,-50,-20,0,11400,32,0
$JT,S,1162179,1162181,31,7,0,1350,100,-8,0,11400,29,0
$JT,S,1162181,1162183,31,8,0,3096,0,24,0,11400,35,0
$JT,S,1162199,1162201,32,9,0,1960,0,80,3,11400,33,0
$JT,S,1162201,1162203,32,10,0,2811,250,-152,24,11300,31,0
$JT,S,1162220,1162222,33,11,0,1002,0,-228,23,11300,34,0
$JT,S,1162222,1162224,33,0,0,1933,0,40,0,11300,30,0
$JT,P,324,12,768
$JT,S,1162239,1162241,34,1,0,1505,-300,120,18,11400,29,0
$JT,S,1162241,1162243,34,2,0,3007,0,228,32,11400,34,0
$JT,S,1162259,1162261,35,3,0,2211,350,-116,2,11500,32,0
$JT,S,1162261,1162263,35,4,0,2531,-100,8,0,11400,29,0
$JT,S,1162279,1162281,36,5,0,909,-50,32,0,11500,33,0
$JT,S,1162281,1162283,36,6,0,2099,0,-52,1,11400,32,0
$JT,S,1162299,1162301,37,7,0,1357,50,-80,10,11400,29,0
$JT,S,1162301,1162303,37,8,0,3092,-100,-24,0,11400,35,0
$JT,S,1162319,1162321,38,9,0,1959,0,72,2,11400,33,0
$JT,S,1162321,1162323,38,10,0,2843,200,-112,13,11300,31,0
$JT,S,1162339,1162341,39,11,0,1002,0,-292,38,11300,34,0
$JT,S,1162341,1162343,39,0,0,1932,0,32,0,11200,30,0
$JT,P,336,12,768
$JT,S,1162359,1162361,40,1,0,1471,-200,56,3,11400,29,0
$JT,S,1162361,1162363,40,2,0,3008,0,320,52,11400,34,0
$JT,S,1162379,1162381,41,3,0,2251,300,-104,1,11500,32,0
$JT,S,1162381,1162383,41,4,0,2520,-100,8,0,11400,29,0
$JT,S,1162399,1162401,42,5,0,907,0,24,0,11500,33,0
$JT,S,1162401,1162403,42,6,0,2105,0,0,0,11400,32,0
$JT,S,1162419,1162421,43,7,0,1373,50,-56,3,11400,29,0
$JT,S,1162421,1162423,43,8,0,3090,-200,-36,0,11400,35,0
$JT,S,1162439,1162441,44,9,0,1959,0,72,2,11400,33,0
$JT,S,1162441,1162443,44,10,0,2868,150,-40,2,11300,31,0
$JT,S,1162459,1162461,45,11,0,1008,150,-288,35,11300,34,0
$JT,S,1162461,1162463,45,0,0,1935,50,60,1,11300,30,0
$JT,P,348,12,768
$JT,S,1162480,1162482,46,1,0,1448,-150,-4,1,11400,29,0
$JT,S,1162482,1162484,46,2,0,2995,-100,268,64,11300,34,0
$JT,S,1162500,1162502,47,3,0,2278,100,-84,2,11500,32,0
$JT,S,1162502,1162504,47,4,0,2505,-200,48,1,11400,29,0
$JT,S,1162520,1162522,48,5,0,912,150,-172,5,11500,33,0
$JT,S,1162522,1162524,48,6,0,2108,0,40,1,11400,32,0
$JT,S,1162540,1162542,49,7,0,1407,450,-60,4,11400,29,0
$JT,S,1162542,1162544,49,8,0,3077,-300,168,4,11400,35,0
$JT,S,1162560,1162562,50,9,0,1960,0,80,3,11400,32,0
$JT,S,1162562,1162564,50,10,0,2879,50,16,0,11400,31,0
$JT,S,1162579,1162581,51,11,0,1018,200,-216,14,11400,34,0
$JT,S,1162581,1162583,51,0,0,1939,0,88,3,11300,30,0
$JT,P,360,12,768
$JT,S,1162599,1162601,52,1,0,1442,0,-32,2,11400,29,0
$JT,S,1162601,1162603,52,2,0,2975,-200,108,4,11500,34,0
$JT,S,1162619,1162621,53,3,0,2288,0,-56,1,11500,32,0
$JT,S,1162621,1162623,53,4,0,2470,-150,96,9,11400,29,0
$JT,S,1162639,1162641,54,5,0,959,450,-280,15,11500,33,0
$JT,S,1162641,1162643,54,6,0,2107,0,28,0,11400,32,0
$JT,S,1162659,1162661,55,7,0,1445,200,0,0,11400,29,0
$JT,S,1162661,1162663,55,8,0,3020,-500,188,4,11400,35,0
$JT,S,1162679,1162681,56,9,0,1958,0,64,2,11400,33,0
$JT,S,1162681,1162683,56,10,0,2879,0,16,0,11400,31,0
$JT,S,1162699,1162701,57,11,0,1025,0,-140,8,11400,34,0
$JT,S,1162701,1162703,57,0,0,1938,0,80,3,11300,30,0
$JT,P,372,12,768
$JT,S,1162719,1162721,58,1,0,1444,50,44,2,11500,29,0
$JT,S,1162721,1162723,58,2,0,2967,0,0,0,11500,34,0
$JT,S,1162740,1162742,59,3,0,2286,-50,-68,3,11500,32,0
$JT,S,1162742,1162744,59,4,0,2461,-50,16,0,11400,29,0
$JT,S,1162760,1162762,60,5,0,991,100,-176,10,11600,33,0
$JT,S,1162762,1162764,60,6,0,2102,0,-36,1,11400,32,0
$JT,S,1162780,1162782,61,7,0,1449,0,76,5,11400,29,0
$JT,S,1162782,1162784,61,8,0,3006,0,152,9,11300,35,0
$JT,S,1162800,1162802,62,9,0,1957,-50,80,3,11400,33,0
$JT,S,1162802,1162804,62,10,0,2897,350,-104,11,11400,31,0
$JT,S,1162820,1162822,63,11,0,1006,-350,104,0,11400,34,0
$JT,S,1162822,1162824,63,0,0,1935,0,80,3,11300,30,0
$JT,P,384,12,768
$JT,S,1162840,1162842,64,1,0,1409,-350,80,5,11400,29,0
$JT,S,1162842,1162844,64,2,0,3001,500,-192,4,11500,34,0
$JT,S,1162860,1162862,65,3,0,2286,0,20,0,11500,32,0
$JT,S,1162862,1162864,65,4,0,2466,100,-8,0,11400,29,0
$JT,S,1162879,1162881,66,5,0,992,0,-152,8,11500,33,0
$JT,S,1162881,1162883,66,6,0,2101,-50,-96,3,11400,32,0
$JT,S,1162899,1162901,67,7,0,1442,-50,148,27,11400,29,0
$JT,S,1162901,1162903,67,8,0,3010,0,152,9,11400,35,0
$JT,S,1162919,1162921,68,9,0,1948,-150,68,1,11400,33,0
$JT,S,1162921,1162923,68,10,0,2926,150,44,1,11400,31,0
$JT,S,1162940,1162942,69,11,0,947,-550,120,0,11400,34,0
$JT,S,1162942,1162944,69,0,0,1921,-50,48,0,11300,30,0
$JT,P,396,12,768
$JT,S,1162960,1162962,70,1,0,1406,200,-24,0,11400,29,0
$JT,S,1162962,1162964,70,2,0,3063,450,-144,8,11500,34,0
$JT,S,1162980,1162982,71,3,0,2287,0,108,3,11500,32,0
$JT,S,1162982,1162984,71,4,0,2480,100,-56,2,11400,29,0
$JT,S,1163000,1163002,72,5,0,992,0,-152,8,11500,33,0
$JT,S,1163002,1163004,72,6,0,2106,100,-144,6,11300,32,0
$JT,S,1163020,1163022,73,7,0,1419,-250,192,40,11200,29,0
$JT,S,1163022,1163024,73,8,0,3010,0,84,3,11200,35,0
$JT,S,1163040,1163042,74,9,0,1944,0,172,16,11400,33,0
$JT,S,1163042,1163044,74,10,0,2910,-150,104,16,11300,31,0
$JT,S,1163060,1163062,75,11,0,907,-250,-24,1,11300,34,0
$JT,S,1163062,1163064,75,0,0,1906,-150,64,1,11300,30,0
$JT,P,408,12,768
$JT,S,1163079,1163081,76,1,0,1433,250,-28,2,11400,29,0
$JT,S,1163081,1163083,76,2,0,3096,150,-76,2,11500,34,0
$JT,S,1163100,1163102,77,3,0,2292,50,304,43,11400,32,0
$JT,S,1163102,1163104,77,4,0,2503,200,-88,6,11400,29,0
$JT,S,1163119,1163121,78,5,0,992,0,-192,13,11400,33,0
$JT,S,1163121,1163123,78,6,0,2126,200,-144,5,11300,32,0
$JT,S,1163139,1163141,79,7,0,1379,-450,160,23,11400,29,0
$JT,S,1163141,1163143,79,8,0,3006,-50,-24,0,11300,35,0
$JT,S,1163159,1163161,80,9,0,1938,-150,272,25,11300,33,0
$JT,S,1163161,1163163,80,10,0,2895,-100,168,29,11200,31,0
$JT,S,1163179,1163181,81,11,0,895,-100,20,1,11300,34,0
$JT,S,1163181,1163183,81,0,0,1885,-150,64,0,11300,30,0
$JT,P,420,12,768
$JT,S,1163199,1163201,82,1,0,1461,250,-36,1,11400,29,0
$JT,S,1163201,1163203,82,2,0,3112,100,-64,1,11400,43,0
$JT,S,1163219,1163221,83,3,0,2282,-200,376,50,11400,32,0
$JT,S,1163221,1163223,83,4,0,2524,200,-112,13,11400,29,0
$JT,S,1163239,1163241,84,5,0,990,0,-256,23,11400,33,0
$JT,S,1163241,1163243,84,6,0,2153,200,-104,2,11300,32,0
$JT,S,1163259,1163261,85,7,0,1336,-250,92,8,11400,29,0
$JT,S,1163261,1163263,85,8,0,3006,0,0,0,11400,35,0
$JT,S,1163279,1163281,86,9,0,1904,-300,176,8,11300,33,0
$JT,S,1163281,1163283,86,10,0,2883,-100,208,64,11300,31,0
$JT,S,1163299,1163301,87,11,0,887,-50,24,1,11300,33,0
$JT,S,1163301,1163303,87,0,0,1862,-200,56,0,11300,30,0
$JT,P,432,12,768
$JT,S,1163319,1163321,88,1,0,1483,150,-16,1,11400,29,0
$JT,S,1163321,1163323,88,2,0,3121,100,-60,2,11500,34,0
$JT,S,1163339,1163341,89,3,0,2249,-300,276,24,11400,32,0
$JT,S,1163341,1163343,89,4,0,2532,0,-192,50,11400,29,0
$JT,S,1163359,1163361,90,5,0,989,0,-336,48,11400,33,0
$JT,S,1163361,1163363,90,6,0,2169,100,-140,6,11300,32,0
$JT,S,1163379,1163381,91,7,0,1317,-100,124,16,11400,29,0
$JT,S,1163381,1163383,91,8,0,3008,0,52,1,11300,35,0
$JT,S,1163399,1163401,92,9,0,1882,-100,152,11,11300,33,0
$JT,S,1163401,1163403,92,10,0,2871,-100,184,53,11000,31,0
$JT,S,1163419,1163421,93,11,0,882,0,24,1,11300,34,0
$JT,S,1163421,1163423,93,0,0,1844,-150,44,0,11200,30,0
$JT,P,444,12,768
$JT,S,1163439,1163441,94,1,0,1496,100,-8,0,11300,29,0
$JT,S,1163441,1163443,94,2,0,3124,0,-60,2,11400,34,0
$JT,S,1163459,1163461,95,3,0,2224,-100,208,14,11300,32,0
$JT,S,1163461,1163463,95,4,0,2535,0,-248,78,11100,29,0
$JT,S,1163479,1163481,96,5,0,989,0,-388,65,11300,33,0
$JT,S,1163481,1163483,96,6,0,2182,100,-140,6,11300,32,0
$JT,S,1163499,1163501,97,7,0,1303,-150,124,21,11300,29,0
$JT,S,1163501,1163503,97,8,0,3011,0,88,4,11300,35,0
$JT,S,1163520,1163522,98,9,0,1874,-100,192,16,11400,33,0
$JT,S,1163522,1163524,98,10,0,2859,-250,216,52,11200,31,0
$JT,S,1163540,1163542,99,11,0,887,0,-132,4,11300,34,0
$JT,S,1163542,1163544,99,0,0,1831,-100,0,0,11300,30,0
$JT,P,456,12,768
$JT,S,1163560,1163562,100,1,0,1517,300,-68,2,11400,29,0
$JT,S,1163562,1163564,100,2,0,3116,-250,148,4,11500,34,0
$JT,S,1163580,1163582,101,3,0,2212,-100,160,16,11400,32,0
$JT,S,1163582,1163584,101,4,0,2556,200,-116,21,11400,29,0
$JT,S,1163599,1163601,102,5,0,989,0,-420,76,11300,33,0
$JT,S,1163601,1163603,102,6,0,2190,0,-132,7,11300,32,0
$JT,S,1163619,1163621,103,7,0,1288,-100,16,0,11400,29,0
$JT,S,1163621,1163623,103,8,0,3008,-50,60,1,11400,35,0
$JT,S,1163639,1163641,104,9,0,1863,-50,116,6,11400,33,0
$JT,S,1163641,1163643,104,10,0,2812,-450,184,48,11300,31,0
$JT,S,1163659,1163661,105,11,0,936,600,-192,2,11300,34,0
$JT,S,1163661,1163663,105,0,0,1829,-50,20,0,11300,30,0
$JT,P,468,12,768
$JT,S,1163679,1163681,106,1,0,1555,150,-8,0,11400,29,0
$JT,S,1163681,1163683,106,2,0,3065,-250,216,18,11400,34,0
$JT,S,1163699,1163701,107,3,0,2211,0,168,12,11400,32,0
$JT,S,1163701,1163703,107,4,0,2564,0,-64,5,11400,64,0
$JT,S,1163719,1163721,108,5,0,995,50,-352,37,11400,33,0
$JT,S,1163721,1163723,108,6,0,2191,50,-128,5,11400,32,0
$JT,S,1163739,1163741,109,7,0,1283,0,12,0,11400,29,0
$JT,S,1163741,1163743,109,8,0,3006,0,20,0,11400,35,0
$JT,S,1163759,1163761,110,9,0,1864,50,132,7,11400,33,0
$JT,S,1163761,1163763,110,10,0,2798,-100,96,15,11400,31,0
$JT,S,1163780,1163782,111,11,0,976,150,-44,1,11400,33,0
$JT,S,1163782,1163784,111,0,0,1828,0,-20,0,11300,30,0
$JT,P,480,12,768
$JT,S,1163800,1163802,112,1,0,1556,0,28,1,11400,29,0
$JT,S,1163802,1163804,112,2,0,3044,0,128,7,11500,34,0
$JT,S,1163820,1163822,113,3,0,2203,-50,100,4,11500,32,0
$JT,S,1163822,1163824,113,4,0,2574,250,-196,41,11300,29,0
$JT,S,1163840,1163842,114,5,0,1006,0,92,0,11500,33,0
$JT,S,1163842,1163844,114,6,0,2195,0,-96,4,11400,32,0
$JT,S,1163860,1163862,115,7,0,1254,-350,72,4,11400,29,0
$JT,S,1163862,1163864,115,8,0,3039,450,-132,0,11400,35,0
$JT,S,1163880,1163882,116,9,0,1864,0,128,9,11500,33,0
$JT,S,1163882,1163884,116,10,0,2797,0,32,2,11400,31,0
$JT,S,1163899,1163901,117,11,0,977,0,-40,1,11400,34,0
$JT,S,1163901,1163903,117,0,0,1825,0,-24,0,11300,30,0
$JT,P,492,12,768
$JT,S,1163919,1163921,118,1,0,1550,-100,84,7,11400,29,0
$JT,S,1163921,1163923,118,2,0,3048,0,164,12,11500,34,0
$JT,S,1163939,1163941,119,3,0,2196,-50,44,1,11500,32,0
$JT,S,1163941,1163943,119,4,0,2617,200,24,0,11400,29,0
$JT,S,1163959,1163961,120,5,0,957,-550,164,0,11600,33,0
$JT,S,1163961,1163963,120,6,0,2199,100,-56,1,11400,32,0
$JT,S,1163979,1163981,121,7,0,1243,150,-80,6,11500,29,0
$JT,S,1163981,1163983,121,8,0,3098,400,-104,0,11400,35,0
$JT,S,1163999,1164001,122,9,0,1865,0,136,9,11500,33,0
$JT,S,1164001,1164003,122,10,0,2806,100,-32,1,11400,31,0
$JT,S,1164019,1164021,123,11,0,972,-50,-92,4,11400,33,0
$JT,S,1164021,1164023,123,0,0,1835,0,72,2,11300,30,0
$JT,P,504,12,768
$JT,S,1164039,1164041,124,1,0,1542,0,204,44,11300,29,0
$JT,S,1164041,1164043,124,2,0,3049,0,168,17,11500,34,0
$JT,S,1164059,1164061,125,3,0,2196,0,48,1,11500,32,0
$JT,S,1164061,1164063,125,4,0,2590,-250,36,1,11400,29,0
$JT,S,1164079,1164081,126,5,0,924,-150,56,1,11500,33,0
$JT,S,1164081,1164083,126,6,0,2199,-50,-64,2,11300,32,0
$JT,S,1164099,1164101,127,7,0,1271,250,-92,10,11400,29,0
$JT,S,1164101,1164103,127,8,0,3122,150,-48,0,11400,35,0
$JT,S,1164119,1164121,128,9,0,1865,0,136,9,11400,33,0
$JT,S,1164121,1164123,128,10,0,2824,150,-92,10,11300,31,0
$JT,S,1164139,1164141,129,11,0,968,0,-140,8,11300,34,0
$JT,S,1164141,1164143,129,0,0,1835,0,72,2,11100,30,0
$JT,P,516,12,768
$JT,S,1164159,1164161,130,1,0,1525,-200,296,105,11100,29,0
$JT,S,1164161,1164163,130,2,0,3050,0,200,17,11400,34,0
$JT,S,1164179,1164181,131,3,0,2196,0,48,1,11400,32,0
$JT,S,1164181,1164183,131,4,0,2560,-250,32,1,11400,29,0
$JT,S,1164199,1164201,132,5,0,919,0,52,1,11500,33,0
$JT,S,1164201,1164203,132,6,0,2200,50,-56,1,11300,33,0
$JT,S,1164219,1164221,133,7,0,1300,300,-128,16,11400,29,0
$JT,S,1164221,1164223,133,8,0,3125,0,-60,2,11400,35,0
$JT,S,1164239,1164241,134,9,0,1865,0,136,10,11400,33,0
$JT,S,1164241,1164243,134,10,0,2854,300,-56,2,11300,31,0
$JT,S,1164259,1164261,135,11,0,969,0,-180,16,11400,34,0
$JT,S,1164261,1164263,135,0,0,1835,0,72,3,11300,30,0
$JT,P,528,12,768
$JT,S,1164279,1164281,136,1,0,1481,-400,172,39,11400,29,0
$JT,S,1164281,1164283,136,2,0,3050,0,272,36,11300,34,0
$JT,S,1164299,1164301,137,3,0,2196,0,48,2,11400,32,0
$JT,S,1164301,1164303,137,4,0,2534,-250,12,1,11400,29,0
$JT,S,1164319,1164321,138,5,0,917,-100,32,1,11500,33,0
$JT,S,1164321,1164323,138,6,0,2202,0,-40,0,11400,32,0
$JT,S,1164339,1164341,139,7,0,1336,150,-36,0,11400,29,0
$JT,S,1164341,1164343,139,8,0,3127,50,-40,1,11400,35,0
$JT,S,1164359,1164361,140,9,0,1864,0,128,7,11400,33,0
$JT,S,1164361,1164363,140,10,0,2885,250,16,1,11400,31,0
$JT,S,1164379,1164381,141,11,0,974,100,-188,12,11400,34,0
$JT,S,1164381,1164383,141,0,0,1834,0,64,1,11300,30,0
$JT,P,540,12,768
$JT,S,1164399,1164401,142,1,0,1444,-300,48,3,11400,29,0
$JT,S,1164401,1164403,142,2,0,3050,0,332,56,11400,34,0
$JT,S,1164419,1164421,143,3,0,2196,0,48,1,11500,32,0
$JT,S,1164421,1164423,143,4,0,2518,-100,0,0,11400,30,0
$JT,S,1164439,1164441,144,5,0,915,0,24,0,11600,33,0
$JT,S,1164441,1164443,144,6,0,2206,50,0,0,11400,32,0
$JT,S,1164459,1164461,145,7,0,1357,350,0,0,11400,29,0
$JT,S,1164461,1164463,145,8,0,3129,0,-20,0,11400,35,0
$JT,S,1164479,1164481,146,9,0,1864,0,128,8,11400,33,0
$JT,S,1164481,1164483,146,10,0,2902,150,48,4,11300,31,0
$JT,S,1164499,1164501,147,11,0,986,0,-152,11,11400,34,0
$JT,S,1164501,1164503,147,0,0,1835,50,76,3,11300,30,0
$JT,P,552,12,768
$JT,S,1164519,1164521,148,1,0,1426,-100,12,0,11400,29,0
$JT,S,1164521,1164523,148,2,0,3050,0,376,94,11300,34,0
$JT,S,1164539,1164541,149,3,0,2196,0,48,1,11400,32,0
$JT,S,1164541,1164543,149,4,0,2509,-100,16,0,11400,29,0
$JT,S,1164559,1164561,150,5,0,915,0,-84,2,11600,33,0
$JT,S,1164561,1164563,150,6,0,2207,0,0,0,11400,32,0
$JT,S,1164580,1164582,151,7,0,1373,250,-48,1,11400,29,0
$JT,S,1164582,1164584,151,8,0,3126,0,124,4,11400,35,0
$JT,S,1164600,1164602,152,9,0,1864,0,128,8,11400,33,0
$JT,S,1164602,1164604,152,10,0,2908,50,48,3,11400,31,0
$JT,S,1164620,1164622,153,11,0,986,-50,-164,9,11300,34,0
$JT,S,1164622,1164624,153,0,0,1835,0,72,3,11300,30,0
$JT,P,564,12,768
$JT,S,1164640,1164642,154,1,0,1424,0,24,1,11400,29,0
$JT,S,1164642,1164644,154,2,0,3044,0,344,64,11400,34,0
$JT,S,1164659,1164661,155,3,0,2195,0,40,1,11500,32,0
$JT,S,1164661,1164663,155,4,0,2473,-350,76,2,11400,29,0
$JT,S,1164679,1164681,156,5,0,951,400,-260,10,11500,33,0
$JT,S,1164681,1164683,156,6,0,2207,0,0,0,11300,32,0
$JT,S,1164699,1164701,157,7,0,1415,350,-44,1,11400,29,0
$JT,S,1164701,1164703,157,8,0,3080,-450,244,10,11300,35,0
$JT,S,1164719,1164721,158,9,0,1863,-50,116,5,11400,33,0
$JT,S,1164721,1164723,158,10,0,2908,0,32,1,11400,31,0
$JT,S,1164739,1164741,159,11,0,986,0,-160,8,11400,34,0
$JT,S,1164741,1164743,159,0,0,1835,0,72,3,11300,30,0
$JT,P,576,12,768
$JT,S,1164759,1164761,160,1,0,1426,0,68,5,11400,29,0
$JT,S,1164761,1164763,160,2,0,3029,-200,212,28,11400,34,0
$JT,S,1164779,1164781,161,3,0,2191,0,0,0,11500,32,0
$JT,S,1164781,1164783,161,4,0,2453,0,-8,0,11400,29,0
$JT,S,1164799,1164801,162,5,0,993,200,-188,10,11500,33,0
$JT,S,1164801,1164803,162,6,0,2204,0,-24,0,11400,32,0
$JT,S,1164820,1164822,163,7,0,1424,0,24,1,11400,29,0
$JT,S,1164822,1164824,163,8,0,3050,-150,176,10,11400,35,0
$JT,S,1164840,1164842,164,9,0,1859,0,88,4,11400,33,0
$JT,S,1164842,1164844,164,10,0,2917,150,-28,0,11400,31,0
$JT,S,1164860,1164862,165,11,0,984,0,80,1,11400,34,0
$JT,S,1164862,1164864,165,0,0,1835,0,72,2,11300,30,0
$JT,P,588,12,768
$JT,S,1164880,1164882,166,1,0,1405,-350,144,16,11400,29,0
$JT,S,1164882,1164884,166,2,0,3029,0,-100,4,11500,34,0
$JT,S,1164900,1164902,167,3,0,2193,50,24,0,11500,32,0
$JT,S,1164902,1164904,167,4,0,2458,50,-8,0,11400,29,0
$JT,S,1164920,1164922,168,5,0,996,0,-168,11,11500,33,0
$JT,S,1164922,1164924,168,6,0,2203,0,-32,0,11400,32,0
$JT,S,1164940,1164942,169,7,0,1415,-100,24,1,11400,29,0
$JT,S,1164942,1164944,169,8,0,3050,50,188,20,11400,36,0
$JT,S,1164959,1164961,170,9,0,1854,-50,44,1,11500,33,0
$JT,S,1164961,1164963,170,10,0,2951,200,16,1,11400,31,0
$JT,S,1164979,1164981,171,11,0,938,-500,216,3,11400,34,0
$JT,S,1164981,1164983,171,0,0,1826,-50,0,0,11300,30,0
$JT,P,600,12,768
$JT,S,1164999,1165001,172,1,0,1376,0,-44,2,11400,29,0
$JT,S,1165001,1165003,172,2,0,3081,600,-160,8,11500,34,0
$JT,S,1165019,1165021,173,3,0,2191,-100,-24,0,11500,32,0
$JT,S,1165021,1165023,173,4,0,2468,50,-52,5,11400,29,0
$JT,S,1165040,1165042,174,5,0,995,0,-188,12,11500,33,0
$JT,S,1165042,1165044,174,6,0,2202,0,-40,0,11400,32,0
$JT,S,1165060,1165062,175,7,0,1406,-100,132,32,11400,29,0
$JT,S,1165062,1165064,175,8,0,3053,0,212,19,11300,35,0
$JT,S,1165080,1165082,176,9,0,1853,0,40,0,11400,33,0
$JT,S,1165082,1165084,176,10,0,2939,-150,132,20,11400,31,0
$JT,S,1165099,1165101,177,11,0,889,-300,40,0,11300,34,0
$JT,S,1165101,1165103,177,0,0,1826,0,0,0,11300,30,0
$JT,P,612,12,768
$JT,S,1165120,1165122,178,1,0,1406,300,-56,2,11400,29,0
$JT,S,1165122,1165124,178,2,0,3118,200,-72,2,11500,40,0
$JT,S,1165140,1165142,179,3,0,2196,0,48,1,11300,32,0
$JT,S,1165142,1165144,179,4,0,2477,100,-172,48,11400,29,0
$JT,S,1165159,1165161,180,5,0,994,-50,-212,17,11400,33,0
$JT,S,1165161,1165163,180,6,0,2202,0,-40,0,11200,32,0
$JT,S,1165179,1165181,181,7,0,1390,-150,260,60,11200,29,0
$JT,S,1165181,1165183,181,8,0,3053,0,228,25,11100,35,0
$JT,S,1165199,1165201,182,9,0,1854,0,48,2,11400,33,0
$JT,S,1165201,1165203,182,10,0,2919,-100,208,52,11100,31,0
$JT,S,1165219,1165221,183,11,0,882,-50,28,0,11300,34,0
$JT,S,1165221,1165223,183,0,0,1826,0,0,0,11300,30,0
$JT,P,624,12,768
$JT,S,1165239,1165241,184,1,0,1440,250,-48,2,11400,29,0
$JT,S,1165241,1165243,184,2,0,3126,50,-60,3,11400,34,0
$JT,S,1165259,1165261,185,3,0,2200,50,84,4,11400,32,0
$JT,S,1165261,1165263,185,4,0,2501,300,-192,45,11300,39,0
$JT,S,1165279,1165281,186,5,0,994,0,-252,23,11400,33,0
$JT,S,1165281,1165283,186,6,0,2202,0,-40,1,11300,32,0
$JT,S,1165299,1165301,187,7,0,1353,-350,188,32,11200,29,0
$JT,S,1165301,1165303,187,8,0,3052,-50,276,36,11100,35,0
$JT,S,1165319,1165321,188,9,0,1855,0,56,1,11200,33,0
$JT,S,1165321,1165323,188,10,0,2899,-200,248,62,11100,31,0
$JT,S,1165339,1165341,189,11,0,883,0,48,2,11300,33,0
$JT,S,1165341,1165343,189,0,0,1826,0,0,0,11300,30,0
$JT,P,636,12,768
$JT,S,1165359,1165361,190,1,0,1470,250,-24,1,11400,29,0
$JT,S,1165361,1165363,190,2,0,3128,0,-48,2,11500,34,0
$JT,S,1165379,1165381,191,3,0,2200,0,80,3,11400,32,0
$JT,S,1165381,1165383,191,4,0,2533,250,-112,10,11400,29,0
$JT,S,1165399,1165401,192,5,0,994,0,-308,36,11400,33,0
$JT,S,1165401,1165403,192,6,0,2202,0,-40,1,11300,32,0
$JT,S,1165419,1165421,193,7,0,1322,-250,140,14,11200,29,0
$JT,S,1165421,1165423,193,8,0,3045,0,292,34,11300,35,0
$JT,S,1165439,1165441,194,9,0,1855,0,56,2,11400,33,0
$JT,S,1165441,1165443,194,10,0,2871,-200,136,21,11300,31,0
$JT,S,1165459,1165461,195,11,0,883,0,48,1,11300,34,0
$JT,S,1165461,1165463,195,0,0,1826,0,0,0,11300,30,0
$JT,P,648,12,768
$JT,S,1165479,1165481,196,1,0,1490,150,-4,1,11400,29,0
$JT,S,1165481,1165483,196,2,0,3129,0,-28,1,11500,34,0
$JT,S,1165499,1165501,197,3,0,2199,0,72,3,11400,32,0
$JT,S,1165501,1165503,197,4,0,2555,100,-44,3,11400,29,0
$JT,S,1165519,1165521,198,5,0,996,0,-332,49,11400,33,0
$JT,S,1165521,1165523,198,6,0,2202,0,-40,0,11300,32,0
$JT,S,1165539,1165541,199,7,0,1301,-150,84,10,11400,29,0
$JT,S,1165541,1165543,199,8,0,3040,-100,304,45,11300,35,0
$JT,S,1165559,1165561,200,9,0,1854,0,48,2,11400,33,0
$JT,S,1165561,1165563,200,10,0,2855,-150,80,8,11400,31,0
$JT,S,1165579,1165581,201,11,0,881,0,-36,1,11400,33,0
$JT,S,1165581,1165583,201,0,0,1826,0,0,0,11300,30,0
$JT,P,660,12,768
$JT,S,1165600,1165602,202,1,0,1505,200,-40,1,11400,29,0
$JT,S,1165602,1165604,202,2,0,3129,0,100,6,11500,34,0
$JT,S,1165620,1165622,203,3,0,2198,0,64,2,11400,32,0
$JT,S,1165622,1165624,203,4,0,2567,50,-4,0,11400,29,0
$JT,S,1165640,1165642,204,5,0,1006,150,-264,25,11400,33,0
$JT,S,1165642,1165644,204,6,0,2202,-50,-44,1,11300,32,0
$JT,S,1165660,1165662,205,7,0,1292,-50,48,3,11400,29,0
$JT,S,1165662,1165664,205,8,0,3031,-100,236,25,11300,35,0
$JT,S,1165679,1165681,206,9,0,1853,0,40,0,11400,33,0
$JT,S,1165681,1165683,206,10,0,2824,-300,180,22,11200,31,0
$JT,S,1165699,1165701,207,11,0,910,400,-228,6,11300,34,0
$JT,S,1165701,1165703,207,0,0,1826,0,0,0,11300,30,0
$JT,P,672,12,768
$JT,S,1165719,1165721,208,1,0,1548,400,-48,1,11400,29,0
$JT,S,1165721,1165723,208,2,0,3083,-500,184,13,11500,34,0
$JT,S,1165739,1165741,209,3,0,2201,50,92,3,11500,32,0
$JT,S,1165741,1165743,209,4,0,2569,0,-16,0,11400,29,0
$JT,S,1165759,1165761,210,5,0,1010,0,-248,26,11400,33,0
$JT,S,1165761,1165763,210,6,0,2202,0,-40,1,11400,32,0
$JT,S,1165779,1165781,211,7,0,1292,0,72,10,11400,29,0
$JT,S,1165781,1165783,211,8,0,3019,-50,168,14,11400,35,0
$JT,S,1165799,1165801,212,9,0,1854,0,48,1,11400,33,0
$JT,S,1165801,1165803,212,10,0,2798,-100,88,11,11400,31,0
$JT,S,1165819,1165821,213,11,0,957,300,-192,8,11400,34,0
$JT,S,1165821,1165823,213,0,0,1826,0,0,0,11300,30,0
$JT,P,684,12,768
$JT,S,1165839,1165841,214,1,0,1558,0,8,0,11400,29,0
$JT,S,1165841,1165843,214,2,0,3040,-150,80,2,11500,34,0
$JT,S,1165860,1165862,215,3,0,2201,0,88,3,11500,32,0
$JT,S,1165862,1165864,215,4,0,2571,150,-96,11,11400,29,0
$JT,S,1165880,1165882,216,5,0,1012,0,-24,0,11600,33,0
$JT,S,1165882,1165884,216,6,0,2203,0,-32,0,11400,32,0
$JT,S,1165900,1165902,217,7,0,1277,-250,168,27,11500,29,0
$JT,S,1165902,1165904,217,8,0,3025,100,-64,0,11400,36,0
$JT,S,1165920,1165922,218,9,0,1854,0,48,1,11500,33,0
$JT,S,1165922,1165924,218,10,0,2797,0,40,3,11400,31,0
$JT,S,1165940,1165942,219,11,0,971,50,-80,3,11400,33,0
$JT,S,1165942,1165944,219,0,0,1824,0,-32,0,11300,30,0
$JT,P,696,12,768
$JT,S,1165960,1165962,220,1,0,1549,-200,12,1,11400,29,0
$JT,S,1165962,1165964,220,2,0,3043,50,128,7,11600,34,0
$JT,S,1165979,1165981,221,3,0,2197,-50,52,1,11500,32,0
$JT,S,1165981,1165983,221,4,0,2609,350,-56,2,11400,29,0
$JT,S,1165999,1166001,222,5,0,979,-450,224,4,11600,33,0
$JT,S,1166001,1166003,222,6,0,2205,50,0,0,11400,32,0
$JT,S,1166019,1166021,223,7,0,1244,-150,16,0,11500,29,0
$JT,S,1166021,1166023,223,8,0,3081,550,-128,0,11400,35,0
$JT,S,1166039,1166041,224,9,0,1855,0,56,1,11500,33,0
$JT,S,1166041,1166043,224,10,0,2806,100,-8,0,11400,31,0
$JT,S,1166060,1166062,225,11,0,971,0,-100,4,11400,34,0
$JT,S,1166062,1166064,225,0,0,1832,100,52,1,11400,30,0
$JT,P,708,12,768
$JT,S,1166080,1166082,226,1,0,1534,-150,64,5,11500,29,0
$JT,S,1166082,1166084,226,2,0,3044,0,128,10,11500,34,0
$JT,S,1166100,1166102,227,3,0,2196,0,48,1,11500,32,0
$JT,S,1166102,1166104,227,4,0,2597,-200,40,0,11400,29,0
$JT,S,1166120,1166122,228,5,0,929,-250,68,0,11600,33,0
$JT,S,1166122,1166124,228,6,0,2207,0,0,0,11400,32,0
$JT,S,1166139,1166141,229,7,0,1265,250,-72,3,11400,29,0
$JT,S,1166141,1166143,229,8,0,3122,250,0,0,11400,35,0
$JT,S,1166160,1166162,230,9,0,1856,0,64,2,11400,33,0
$JT,S,1166162,1166164,230,10,0,2821,200,-72,5,11400,31,0
$JT,S,1166180,1166182,231,11,0,968,0,-128,6,11400,34,0
$JT,S,1166182,1166184,231,0,0,1832,0,48,1,11300,30,0
$JT,P,720,12,768
$JT,S,1166199,1166201,232,1,0,1527,-100,240,62,11200,29,0
$JT,S,1166201,1166203,232,2,0,3046,50,164,12,11400,34,0
$JT,S,1166219,1166221,233,3,0,2196,0,48,1,11400,32,0
$JT,S,1166221,1166223,233,4,0,2566,-300,20,0,11400,29,0
$JT,S,1166239,1166241,234,5,0,919,0,44,1,11500,33,0
$JT,S,1166241,1166243,234,6,0,2204,0,-24,0,11300,32,0
$JT,S,1166259,1166261,235,7,0,1293,200,-124,14,11400,29,0
$JT,S,1166261,1166263,235,8,0,3129,50,20,1,11400,35,0
$JT,S,1166279,1166281,236,9,0,1856,0,64,2,11400,33,0
$JT,S,1166281,1166283,236,10,0,2842,250,-112,16,11300,31,0
$JT,S,1166299,1166301,237,11,0,967,0,-188,14,11300,34,0
$JT,S,1166301,1166303,237,0,0,1831,0,40,1,11300,30,0
$JT,P,732,12,768
$JT,S,1166319,1166321,238,1,0,1495,-300,228,72,11400,29,0
$JT,S,1166321,1166323,238,2,0,3047,0,228,26,11300,34,0
$JT,S,1166339,1166341,239,3,0,2196,0,48,2,11500,32,0
$JT,S,1166341,1166343,239,4,0,2541,-200,24,0,11400,29,0
$JT,S,1166359,1166361,240,5,0,919,0,60,2,11500,33,0
$JT,S,1166361,1166363,240,6,0,2204,0,-24,0,11300,32,0
$JT,S,1166379,1166381,241,7,0,1321,150,-132,17,11400,29,0
$JT,S,1166381,1166383,241,8,0,3127,0,-44,1,11400,35,0
$JT,S,1166399,1166401,242,9,0,1855,-50,52,2,11400,33,0
$JT,S,1166401,1166403,242,10,0,2878,400,-8,0,11300,31,0
$JT,S,1166419,1166421,243,11,0,967,0,-244,27,11300,34,0
$JT,S,1166421,1166423,243,0,0,1833,0,56,1,11300,30,0
$JT,P,744,12,768
$JT,S,1166439,1166441,244,1,0,1453,-400,96,7,11400,29,0
$JT,S,1166441,1166443,244,2,0,3047,0,292,39,11400,34,0
$JT,S,1166459,1166461,245,3,0,2196,0,48,2,11500,32,0
$JT,S,1166461,1166463,245,4,0,2522,-100,8,0,11400,29,0
$JT,S,1166479,1166481,246,5,0,916,0,32,0,11500,33,0
$JT,S,1166481,1166483,246,6,0,2206,0,0,0,11400,32,0
$JT,S,1166499,1166501,247,7,0,1355,350,0,0,11400,29,0
$JT,S,1166501,1166503,247,8,0,3129,0,-20,1,11400,35,0
$JT,S,1166519,1166521,248,9,0,1856,0,64,2,11400,33,0
$JT,S,1166521,1166523,248,10,0,2896,150,24,2,11400,31,0
$JT,S,1166539,1166541,249,11,0,979,50,-172,9,11400,34,0
$JT,S,1166541,1166543,249,0,0,1834,50,68,2,11300,30,0
$JT,P,756,12,768
$JT,S,1166559,1166561,250,1,0,1426,-100,0,0,11300,29,0
$JT,S,1166561,1166563,250,2,0,3044,0,332,54,11400,34,0
$JT,S,1166579,1166581,251,3,0,2196,0,48,1,11500,32,0
$JT,S,1166581,1166583,251,4,0,2514,-50,8,0,11400,29,0
$JT,S,1166599,1166601,252,5,0,915,0,-24,0,11600,33,0
$JT,S,1166601,1166603,252,6,0,2208,0,24,0,11400,32,0
$JT,S,1166619,1166621,253,7,0,1368,150,-32,0,11400,29,0
$JT,S,1166621,1166623,253,8,0,3129,0,92,1,11400,36,0
$JT,S,1166640,1166642,254,9,0,1856,0,64,2,11400,33,0
$JT,S,1166642,1166644,254,10,0,2907,0,48,4,11400,31,0
$JT,S,1166660,1166662,255,11,0,991,50,-108,5,11400,34,0
$JT,S,1166662,1166664,255,0,0,1834,0,64,1,11300,30,0
$JT,END
