$JT,M,1,256,512,0,1,23,3400,254
$JT,R,s-native-v6-2-7-v77
$JT,J,0,1,1929,-1
$JT,J,1,2,2077,-1
$JT,J,2,3,1965,1
$JT,J,3,4,2089,1
$JT,J,4,5,1922,1
$JT,J,5,6,2081,-1
$JT,J,6,7,2104,-1
$JT,J,7,8,1942,-1
$JT,J,8,9,1964,1
$JT,J,9,10,1951,1
$JT,J,10,11,2255,1
$JT,J,11,12,2046,-1
$JT,P,0,12,768
$JT,C,0,1054595,1054595,1929,1554,2989,2089,2445,1057,2104,1419,2988,1951,2778,1022
$JT,C,1,1054617,1054617,1929,1554,2989,2089,2445,1057,2104,1419,2988,1951,2778,1022
$JT,C,2,1054637,1054637,1929,1554,2989,2089,2447,1055,2104,1417,2990,1951,2778,1022
$JT,C,3,1054657,1054657,1929,1554,2989,2089,2450,1050,2104,1414,2995,1951,2778,1022
$JT,C,4,1054675,1054676,1929,1554,2989,2089,2454,1042,2104,1410,3003,1951,2778,1022
$JT,C,5,1054695,1054696,1929,1554,2989,2090,2460,1032,2104,1404,3013,1951,2778,1022
$JT,C,6,1054716,1054717,1929,1554,2989,2091,2469,1018,2104,1396,3026,1951,2778,1022
$JT,C,7,1054737,1054737,1929,1554,2989,2092,2478,1004,2104,1387,3039,1951,2778,1022
$JT,C,8,1054756,1054757,1929,1554,2989,2094,2487,989,2104,1378,3054,1951,2778,1022
$JT,C,9,1054776,1054777,1929,1555,2989,2095,2498,975,2104,1369,3067,1951,2777,1022
$JT,C,10,1054796,1054797,1929,1555,2989,2097,2506,963,2104,1361,3078,1951,2777,1022
$JT,C,11,1054815,1054816,1929,1555,2989,2099,2513,953,2104,1354,3086,1951,2777,1022
$JT,P,12,12,768
$JT,C,12,1054835,1054836,1929,1555,2989,2103,2518,947,2104,1349,3092,1951,2777,1022
$JT,C,13,1054855,1054856,1929,1555,2989,2106,2523,943,2104,1347,3094,1951,2778,1022
$JT,C,14,1054875,1054876,1929,1554,2989,2109,2525,941,2104,1345,3094,1951,2778,1022
$JT,C,15,1054895,1054896,1929,1554,2989,2114,2528,940,2104,1342,3094,1951,2778,1022
$JT,C,16,1054915,1054916,1929,1552,2989,2119,2531,938,2104,1341,3094,1951,2780,1022
$JT,C,17,1054935,1054936,1929,1551,2989,2123,2533,935,2104,1340,3094,1951,2781,1022
$JT,C,18,1054955,1054956,1929,1550,2989,2128,2535,933,2104,1339,3094,1951,2782,1022
$JT,C,19,1054975,1054976,1929,1548,2989,2133,2538,932,2104,1338,3094,1951,2784,1022
$JT,C,20,1054995,1054996,1929,1547,2989,2139,2539,930,2104,1338,3094,1951,2786,1022
$JT,C,21,1055015,1055016,1929,1543,2989,2145,2540,927,2104,1338,3094,1951,2789,1022
$JT,C,22,1055035,1055036,1929,1541,2989,2152,2541,925,2104,1338,3094,1951,2792,1022
$JT,C,23,1055055,1055056,1929,1538,2989,2158,2542,923,2104,1339,3094,1951,2795,1022
$JT,P,24,12,768
$JT,C,24,1055075,1055076,1929,1534,2988,2165,2542,920,2104,1339,3094,1951,2799,1023
$JT,C,25,1055095,1055096,1929,1530,2988,2172,2542,918,2104,1341,3094,1951,2802,1023
$JT,C,26,1055115,1055116,1929,1525,2988,2179,2542,916,2104,1342,3094,1951,2807,1023
$JT,C,27,1055135,1055136,1929,1521,2987,2186,2541,915,2104,1345,3094,1951,2811,1024
$JT,C,28,1055155,1055156,1929,1516,2987,2194,2540,913,2104,1347,3094,1951,2816,1024
$JT,C,29,1055175,1055176,1929,1512,2986,2201,2539,911,2104,1349,3094,1951,2820,1025
$JT,C,30,1055195,1055196,1929,1506,2984,2207,2538,910,2104,1351,3094,1951,2825,1027
$JT,C,31,1055215,1055216,1929,1501,2983,2214,2536,909,2104,1354,3094,1951,2831,1028
$JT,C,32,1055235,1055236,1929,1496,2982,2222,2534,908,2104,1357,3094,1951,2835,1029
$JT,C,33,1055255,1055256,1929,1491,2980,2228,2532,907,2104,1359,3095,1951,2840,1030
$JT,C,34,1055275,1055276,1929,1485,2979,2235,2531,906,2104,1362,3095,1951,2844,1031
$JT,C,35,1055295,1055296,1929,1481,2978,2241,2528,906,2104,1365,3095,1951,2849,1033
$JT,P,36,12,768
$JT,C,36,1055315,1055316,1929,1476,2975,2247,2526,905,2104,1367,3094,1951,2852,1035
$JT,C,37,1055335,1055336,1929,1472,2974,2253,2525,905,2104,1370,3094,1951,2857,1036
$JT,C,38,1055355,1055356,1929,1468,2972,2259,2523,905,2104,1372,3094,1951,2860,1037
$JT,C,39,1055375,1055376,1929,1465,2971,2263,2522,905,2104,1374,3094,1951,2864,1039
$JT,C,40,1055395,1055396,1929,1461,2969,2268,2520,905,2104,1375,3094,1951,2867,1040
$JT,C,41,1055415,1055416,1929,1459,2967,2272,2518,905,2104,1378,3094,1951,2869,1041
$JT,C,42,1055435,1055436,1929,1457,2966,2277,2517,905,2104,1379,3094,1951,2872,1042
$JT,C,43,1055455,1055456,1929,1455,2965,2280,2515,907,2104,1381,3092,1951,2873,1044
$JT,C,44,1055475,1055476,1929,1452,2964,2282,2511,913,2104,1386,3086,1951,2875,1045
$JT,C,45,1055495,1055496,1929,1451,2963,2286,2506,922,2104,1391,3078,1951,2876,1045
$JT,C,46,1055515,1055516,1929,1450,2963,2288,2499,933,2104,1398,3065,1951,2877,1046
$JT,C,47,1055537,1055537,1929,1449,2962,2289,2491,948,2104,1406,3052,1951,2877,1046
$JT,P,48,12,768
$JT,C,48,1055557,1055557,1929,1448,2962,2290,2483,963,2104,1414,3037,1951,2879,1046
$JT,C,49,1055577,1055577,1929,1448,2962,2292,2475,977,2104,1423,3022,1951,2879,1046
$JT,C,50,1055597,1055597,1929,1448,2961,2293,2468,990,2104,1430,3010,1951,2879,1047
$JT,C,51,1055615,1055616,1929,1447,2961,2294,2462,1001,2104,1436,2999,1951,2879,1047
$JT,C,52,1055635,1055636,1929,1447,2961,2294,2458,1008,2104,1440,2991,1951,2879,1047
$JT,C,53,1055655,1055656,1929,1447,2961,2294,2457,1011,2104,1443,2988,1951,2879,1046
$JT,C,54,1055675,1055676,1929,1447,2961,2294,2457,1013,2104,1443,2987,1951,2879,1046
$JT,C,55,1055695,1055696,1929,1447,2961,2294,2457,1013,2104,1444,2987,1951,2879,1046
$JT,C,56,1055715,1055716,1929,1444,2963,2294,2457,1013,2104,1444,2987,1951,2880,1044
$JT,C,57,1055735,1055736,1929,1442,2967,2294,2457,1013,2104,1444,2987,1951,2882,1039
$JT,C,58,1055755,1055756,1929,1436,2976,2294,2458,1013,2104,1443,2988,1951,2886,1030
$JT,C,59,1055777,1055777,1928,1430,2989,2293,2458,1013,2105,1443,2988,1950,2893,1016
$JT,P,60,12,768
$JT,C,60,1055797,1055797,1928,1423,3005,2293,2459,1013,2105,1441,2988,1950,2901,1002
$JT,C,61,1055817,1055817,1927,1414,3021,2292,2460,1011,2106,1440,2988,1949,2909,984
$JT,C,62,1055837,1055837,1927,1407,3038,2292,2462,1011,2106,1438,2989,1949,2916,969
$JT,C,63,1055857,1055857,1926,1401,3053,2290,2464,1011,2107,1436,2990,1948,2922,954
$JT,C,64,1055876,1055877,1924,1397,3065,2289,2466,1011,2109,1433,2990,1946,2926,942
$JT,C,65,1055896,1055897,1922,1395,3073,2287,2468,1011,2111,1430,2991,1944,2927,933
$JT,C,66,1055915,1055916,1921,1397,3080,2286,2472,1011,2112,1427,2993,1943,2926,928
$JT,C,67,1055935,1055936,1919,1400,3083,2284,2475,1010,2114,1423,2994,1941,2923,924
$JT,C,68,1055955,1055956,1916,1403,3086,2281,2478,1010,2117,1419,2995,1938,2919,922
$JT,C,69,1055977,1055977,1914,1408,3089,2279,2482,1010,2119,1414,2996,1936,2916,920
$JT,C,70,1055997,1055997,1912,1413,3091,2277,2485,1010,2121,1408,2997,1934,2911,917
$JT,C,71,1056017,1056017,1910,1417,3095,2273,2490,1010,2123,1403,2998,1932,2908,914
$JT,P,72,12,768
$JT,C,72,1056037,1056037,1906,1422,3098,2271,2494,1010,2127,1397,2999,1928,2904,912
$JT,C,73,1056057,1056057,1903,1426,3101,2268,2499,1010,2130,1391,3001,1925,2899,909
$JT,C,74,1056077,1056077,1899,1432,3103,2264,2502,1011,2134,1386,3002,1921,2896,907
$JT,C,75,1056097,1056097,1896,1436,3106,2261,2507,1011,2137,1380,3003,1918,2891,905
$JT,C,76,1056117,1056117,1893,1441,3108,2257,2511,1013,2140,1373,3004,1915,2888,903
$JT,C,77,1056135,1056136,1889,1446,3111,2254,2516,1013,2144,1367,3005,1911,2883,900
$JT,C,78,1056155,1056156,1886,1450,3113,2251,2520,1014,2147,1362,3005,1908,2880,898
$JT,C,79,1056175,1056176,1882,1455,3115,2247,2525,1015,2151,1355,3006,1904,2876,896
$JT,C,80,1056195,1056196,1878,1459,3116,2243,2528,1016,2155,1349,3006,1900,2873,895
$JT,C,81,1056215,1056216,1874,1464,3119,2239,2533,1017,2159,1344,3006,1896,2869,892
$JT,C,82,1056235,1056236,1871,1467,3120,2236,2536,1018,2162,1338,3006,1893,2866,891
$JT,C,83,1056255,1056256,1868,1472,3122,2231,2540,1019,2165,1333,3006,1890,2864,889
$JT,P,84,12,768
$JT,C,84,1056275,1056276,1863,1475,3123,2228,2543,1021,2170,1328,3006,1885,2861,888
$JT,C,85,1056295,1056296,1860,1479,3124,2224,2547,1023,2173,1323,3006,1882,2859,887
$JT,C,86,1056315,1056316,1856,1481,3126,2221,2550,1024,2177,1318,3005,1878,2857,885
$JT,C,87,1056335,1056336,1853,1484,3127,2218,2552,1025,2180,1314,3005,1875,2855,884
$JT,C,88,1056355,1056356,1850,1486,3127,2215,2555,1027,2183,1311,3005,1872,2853,883
$JT,C,89,1056375,1056376,1847,1489,3128,2212,2557,1029,2186,1307,3004,1869,2851,883
$JT,C,90,1056395,1056396,1845,1491,3129,2208,2559,1030,2188,1304,3004,1867,2850,882
$JT,C,91,1056415,1056416,1841,1493,3129,2206,2560,1032,2192,1300,3003,1863,2849,881
$JT,C,92,1056435,1056436,1839,1494,3130,2204,2563,1033,2194,1298,3003,1861,2848,881
$JT,C,93,1056455,1056456,1837,1496,3130,2202,2564,1034,2196,1295,3003,1859,2848,880
$JT,C,94,1056475,1056476,1836,1498,3130,2199,2565,1035,2197,1293,3002,1858,2847,881
$JT,C,95,1056495,1056496,1833,1500,3128,2198,2567,1037,2200,1291,3002,1855,2844,883
$JT,P,96,12,768
$JT,C,96,1056515,1056516,1832,1504,3122,2197,2568,1038,2201,1290,3002,1854,2840,888
$JT,C,97,1056535,1056536,1831,1509,3113,2195,2568,1038,2202,1289,3002,1853,2834,897
$JT,C,98,1056555,1056556,1830,1516,3102,2194,2569,1039,2203,1288,3001,1852,2827,909
$JT,C,99,1056577,1056577,1829,1523,3088,2194,2571,1039,2204,1287,3001,1851,2819,923
$JT,C,100,1056597,1056597,1828,1532,3073,2193,2571,1040,2205,1287,3001,1850,2810,938
$JT,C,101,1056617,1056617,1828,1539,3058,2193,2571,1040,2205,1287,3001,1850,2803,951
$JT,C,102,1056635,1056636,1827,1546,3047,2191,2572,1040,2206,1286,3001,1849,2797,964
$JT,C,103,1056655,1056656,1827,1550,3038,2191,2572,1041,2206,1286,3001,1849,2791,973
$JT,C,104,1056675,1056676,1827,1554,3031,2191,2572,1041,2206,1286,3001,1849,2787,979
$JT,C,105,1056695,1056696,1827,1555,3029,2191,2572,1041,2206,1286,3001,1849,2786,981
$JT,C,106,1056715,1056716,1827,1555,3029,2191,2572,1041,2206,1286,3001,1849,2785,982
$JT,C,107,1056735,1056736,1827,1555,3029,2191,2573,1040,2206,1286,3002,1849,2785,982
$JT,P,108,12,768
$JT,C,108,1056755,1056756,1827,1555,3029,2191,2574,1038,2206,1284,3004,1849,2785,982
$JT,C,109,1056775,1056776,1827,1555,3029,2191,2577,1032,2206,1281,3010,1849,2785,982
$JT,C,110,1056795,1056796,1827,1554,3029,2191,2582,1023,2206,1276,3020,1849,2786,982
$JT,C,111,1056817,1056817,1827,1554,3029,2191,2589,1010,2206,1270,3032,1849,2786,982
$JT,C,112,1056837,1056837,1827,1552,3029,2191,2597,996,2206,1262,3047,1849,2787,982
$JT,C,113,1056857,1056857,1827,1550,3029,2191,2604,981,2206,1255,3062,1849,2789,982
$JT,C,114,1056877,1056877,1827,1549,3029,2191,2610,966,2206,1248,3077,1849,2790,982
$JT,C,115,1056897,1056897,1827,1547,3029,2191,2616,952,2206,1243,3090,1849,2791,982
$JT,C,116,1056917,1056917,1827,1545,3029,2191,2618,942,2206,1241,3101,1849,2793,981
$JT,C,117,1056935,1056936,1827,1542,3029,2191,2619,934,2206,1240,3109,1849,2795,981
$JT,C,118,1056955,1056956,1827,1539,3030,2191,2617,930,2206,1242,3113,1849,2798,981
$JT,C,119,1056975,1056976,1827,1535,3030,2191,2614,927,2206,1246,3115,1849,2801,981
$JT,P,120,12,768
$JT,C,120,1056995,1056996,1827,1532,3030,2191,2609,926,2206,1250,3118,1849,2805,981
$JT,C,121,1057015,1057016,1827,1529,3030,2191,2605,925,2206,1255,3119,1849,2808,982
$JT,C,122,1057035,1057036,1827,1524,3029,2191,2600,923,2206,1260,3121,1849,2811,982
$JT,C,123,1057055,1057056,1827,1521,3029,2191,2594,922,2206,1265,3122,1849,2816,982
$JT,C,124,1057075,1057076,1827,1516,3029,2191,2590,920,2206,1271,3123,1849,2820,982
$JT,C,125,1057095,1057096,1827,1512,3029,2191,2584,919,2206,1275,3125,1849,2824,983
$JT,C,126,1057115,1057116,1827,1507,3028,2191,2580,918,2206,1281,3126,1849,2828,983
$JT,C,127,1057135,1057136,1827,1501,3028,2191,2574,917,2206,1287,3127,1849,2833,983
$JT,C,128,1057155,1057156,1827,1497,3027,2191,2569,916,2206,1292,3128,1849,2838,984
$JT,C,129,1057175,1057176,1827,1491,3027,2191,2565,916,2206,1297,3129,1849,2842,984
$JT,C,130,1057195,1057196,1827,1486,3025,2191,2560,915,2206,1303,3130,1849,2847,986
$JT,C,131,1057215,1057216,1827,1482,3024,2191,2555,915,2206,1308,3130,1849,2851,987
$JT,P,132,12,768
$JT,C,132,1057235,1057236,1827,1477,3023,2191,2551,914,2206,1313,3131,1849,2856,988
$JT,C,133,1057255,1057256,1827,1472,3022,2191,2547,914,2206,1317,3131,1849,2859,989
$JT,C,134,1057275,1057276,1827,1467,3021,2191,2542,914,2206,1323,3131,1849,2864,989
$JT,C,135,1057295,1057296,1827,1464,3020,2191,2539,914,2206,1326,3132,1849,2867,990
$JT,C,136,1057315,1057316,1827,1459,3019,2191,2535,913,2206,1331,3132,1849,2872,991
$JT,C,137,1057335,1057336,1827,1455,3017,2191,2532,913,2206,1336,3132,1849,2875,992
$JT,C,138,1057355,1057356,1827,1451,3016,2191,2528,913,2206,1339,3132,1849,2879,994
$JT,C,139,1057375,1057376,1827,1448,3014,2191,2526,913,2206,1342,3132,1849,2881,995
$JT,C,140,1057395,1057396,1827,1444,3013,2191,2524,913,2206,1346,3132,1849,2884,996
$JT,C,141,1057415,1057416,1827,1441,3012,2191,2522,913,2206,1348,3132,1849,2886,997
$JT,C,142,1057435,1057436,1827,1439,3011,2191,2519,913,2206,1350,3132,1849,2889,998
$JT,C,143,1057455,1057456,1827,1435,3009,2191,2518,913,2206,1353,3132,1849,2891,999
$JT,P,144,12,768
$JT,C,144,1057475,1057476,1827,1433,3008,2191,2516,913,2206,1355,3132,1849,2893,1000
$JT,C,145,1057495,1057496,1827,1431,3007,2191,2515,913,2206,1356,3131,1849,2896,1002
$JT,C,146,1057515,1057516,1827,1430,3006,2191,2514,913,2206,1358,3131,1849,2897,1002
$JT,C,147,1057535,1057536,1827,1427,3005,2191,2513,914,2206,1359,3131,1849,2899,1003
$JT,C,148,1057555,1057556,1827,1426,3005,2191,2510,917,2206,1363,3128,1849,2900,1004
$JT,C,149,1057575,1057576,1827,1425,3004,2191,2506,923,2206,1367,3121,1849,2901,1004
$JT,C,150,1057595,1057596,1827,1424,3004,2191,2500,933,2206,1373,3112,1849,2902,1004
$JT,C,151,1057617,1057617,1827,1423,3003,2191,2493,945,2206,1381,3100,1849,2902,1005
$JT,C,152,1057637,1057637,1827,1422,3003,2191,2485,959,2206,1389,3085,1849,2904,1005
$JT,C,153,1057657,1057657,1827,1422,3002,2191,2477,974,2206,1397,3070,1849,2904,1005
$JT,C,154,1057677,1057677,1827,1421,3002,2191,2469,988,2206,1405,3056,1849,2904,1005
$JT,C,155,1057695,1057696,1827,1421,3002,2191,2462,1000,2206,1412,3045,1849,2905,1005
$JT,P,156,12,768
$JT,C,156,1057715,1057716,1827,1421,3002,2191,2458,1009,2206,1416,3036,1849,2905,1006
$JT,C,157,1057735,1057736,1827,1421,3002,2191,2454,1014,2206,1420,3030,1849,2905,1006
$JT,C,158,1057755,1057756,1827,1421,3002,2191,2453,1016,2206,1421,3028,1849,2905,1006
$JT,C,159,1057775,1057776,1827,1421,3002,2191,2453,1017,2206,1421,3028,1849,2905,1006
$JT,C,160,1057795,1057796,1827,1421,3002,2191,2453,1017,2206,1421,3028,1849,2905,1005
$JT,C,161,1057815,1057816,1827,1418,3005,2191,2453,1017,2206,1421,3028,1849,2907,1002
$JT,C,162,1057835,1057836,1827,1415,3012,2191,2453,1017,2206,1421,3028,1849,2910,995
$JT,C,163,1057855,1057856,1827,1409,3022,2191,2454,1017,2206,1420,3028,1849,2915,986
$JT,C,164,1057877,1057877,1827,1402,3035,2191,2454,1017,2206,1419,3028,1849,2922,972
$JT,C,165,1057897,1057897,1827,1394,3050,2191,2456,1017,2206,1419,3028,1849,2930,957
$JT,C,166,1057917,1057917,1827,1388,3066,2191,2457,1017,2206,1416,3028,1849,2938,941
$JT,C,167,1057937,1057937,1827,1381,3081,2191,2458,1017,2206,1415,3028,1849,2943,926
$JT,P,168,12,768
$JT,C,168,1057957,1057957,1827,1376,3094,2191,2460,1016,2206,1413,3028,1849,2948,914
$JT,C,169,1057977,1057977,1827,1374,3104,2191,2462,1016,2206,1411,3028,1849,2950,904
$JT,C,170,1057995,1057996,1827,1374,3111,2191,2465,1016,2206,1407,3028,1849,2950,897
$JT,C,171,1058015,1058016,1827,1377,3115,2191,2467,1016,2206,1405,3029,1849,2948,893
$JT,C,172,1058035,1058036,1827,1381,3116,2191,2470,1016,2206,1402,3029,1849,2944,891
$JT,C,173,1058055,1058056,1827,1385,3119,2191,2474,1017,2206,1397,3029,1849,2940,890
$JT,C,174,1058075,1058076,1827,1391,3120,2191,2477,1017,2206,1394,3029,1849,2935,889
$JT,C,175,1058095,1058096,1827,1395,3122,2191,2482,1017,2206,1389,3028,1849,2931,888
$JT,C,176,1058117,1058117,1827,1401,3123,2191,2485,1017,2206,1384,3028,1849,2925,887
$JT,C,177,1058137,1058137,1827,1407,3124,2191,2490,1017,2206,1380,3028,1849,2921,885
$JT,C,178,1058155,1058156,1827,1413,3127,2191,2493,1018,2206,1374,3028,1849,2915,883
$JT,C,179,1058177,1058177,1827,1418,3128,2191,2498,1018,2206,1370,3027,1849,2910,883
$JT,P,180,12,768
$JT,C,180,1058195,1058196,1827,1424,3129,2191,2502,1019,2206,1364,3027,1849,2905,882
$JT,C,181,1058215,1058216,1827,1430,3130,2191,2507,1019,2206,1359,3026,1849,2900,881
$JT,C,182,1058235,1058236,1827,1434,3130,2191,2511,1021,2206,1355,3026,1849,2896,880
$JT,C,183,1058255,1058256,1827,1440,3131,2191,2516,1021,2206,1349,3024,1849,2891,880
$JT,C,184,1058275,1058276,1827,1446,3131,2191,2520,1022,2206,1345,3023,1849,2886,879
$JT,C,185,1058295,1058296,1827,1450,3132,2191,2524,1023,2206,1340,3022,1849,2882,879
$JT,C,186,1058315,1058316,1827,1455,3132,2191,2528,1024,2206,1334,3021,1849,2877,879
$JT,C,187,1058335,1058336,1827,1459,3132,2191,2532,1025,2206,1330,3020,1849,2874,879
$JT,C,188,1058355,1058356,1827,1464,3133,2191,2536,1026,2206,1326,3019,1849,2871,878
$JT,C,189,1058375,1058376,1827,1468,3133,2191,2540,1027,2206,1322,3016,1849,2867,878
$JT,C,190,1058395,1058396,1827,1473,3133,2191,2543,1029,2206,1317,3015,1849,2864,878
$JT,C,191,1058415,1058416,1827,1476,3133,2191,2547,1030,2206,1314,3014,1849,2861,878
$JT,P,192,12,768
$JT,C,192,1058435,1058436,1827,1480,3133,2191,2549,1031,2206,1311,3013,1849,2858,878
$JT,C,193,1058455,1058456,1827,1483,3133,2191,2552,1032,2206,1307,3011,1849,2856,878
$JT,C,194,1058475,1058476,1827,1485,3133,2191,2555,1033,2206,1304,3010,1849,2855,878
$JT,C,195,1058495,1058496,1827,1488,3133,2191,2557,1033,2206,1301,3008,1849,2852,878
$JT,C,196,1058515,1058516,1827,1490,3133,2191,2559,1034,2206,1298,3007,1849,2851,878
$JT,C,197,1058535,1058536,1827,1492,3132,2191,2561,1035,2206,1296,3006,1849,2850,878
$JT,C,198,1058555,1058556,1827,1493,3132,2191,2563,1037,2206,1295,3005,1849,2848,878
$JT,C,199,1058575,1058576,1827,1496,3132,2191,2564,1037,2206,1292,3004,1849,2847,879
$JT,C,200,1058595,1058596,1827,1498,3130,2191,2566,1038,2206,1291,3004,1849,2846,881
$JT,C,201,1058615,1058616,1827,1502,3124,2191,2567,1038,2206,1289,3003,1849,2842,885
$JT,C,202,1058635,1058636,1827,1507,3116,2191,2568,1039,2206,1288,3002,1849,2836,895
$JT,C,203,1058655,1058656,1827,1515,3104,2191,2568,1039,2206,1288,3002,1849,2830,906
$JT,P,204,12,768
$JT,C,204,1058677,1058677,1827,1523,3090,2191,2569,1040,2206,1287,3001,1849,2822,921
$JT,C,205,1058697,1058697,1827,1531,3075,2191,2569,1040,2206,1286,3001,1849,2813,936
$JT,C,206,1058717,1058717,1827,1539,3061,2191,2571,1040,2206,1286,3001,1849,2805,949
$JT,C,207,1058737,1058737,1827,1546,3048,2191,2571,1040,2206,1286,3001,1849,2798,963
$JT,C,208,1058755,1058756,1827,1551,3038,2191,2571,1040,2206,1286,3001,1849,2792,972
$JT,C,209,1058775,1058776,1827,1555,3032,2191,2571,1040,2206,1284,3001,1849,2789,979
$JT,C,210,1058795,1058796,1827,1556,3029,2191,2571,1040,2206,1284,3001,1849,2787,981
$JT,C,211,1058815,1058816,1827,1556,3029,2191,2571,1040,2206,1284,3001,1849,2787,982
$JT,C,212,1058835,1058836,1827,1556,3029,2191,2571,1040,2206,1284,3001,1849,2787,982
$JT,C,213,1058855,1058856,1827,1556,3029,2191,2573,1038,2206,1283,3003,1849,2787,982
$JT,C,214,1058875,1058876,1827,1556,3029,2191,2575,1032,2206,1280,3008,1849,2787,982
$JT,C,215,1058895,1058896,1827,1556,3029,2191,2581,1022,2206,1274,3019,1849,2789,982
$JT,P,216,12,768
$JT,C,216,1058917,1058917,1827,1556,3029,2191,2588,1009,2206,1267,3031,1849,2789,982
$JT,C,217,1058937,1058937,1827,1555,3029,2191,2594,994,2206,1260,3046,1849,2790,982
$JT,C,218,1058957,1058957,1827,1554,3029,2191,2602,978,2206,1253,3062,1849,2791,982
$JT,C,219,1058977,1058977,1827,1551,3029,2191,2609,964,2206,1246,3078,1849,2792,981
$JT,C,220,1058997,1058997,1827,1549,3029,2191,2614,950,2206,1241,3090,1849,2794,981
$JT,C,221,1059017,1059017,1827,1547,3029,2191,2617,940,2206,1239,3102,1849,2795,981
$JT,C,222,1059037,1059037,1827,1543,3029,2191,2617,933,2206,1239,3109,1849,2799,981
$JT,C,223,1059055,1059056,1827,1541,3029,2191,2615,928,2206,1241,3113,1849,2801,981
$JT,C,224,1059075,1059076,1827,1538,3030,2191,2610,926,2206,1245,3115,1849,2805,981
$JT,C,225,1059095,1059096,1827,1533,3030,2191,2606,925,2206,1250,3118,1849,2808,982
$JT,C,226,1059115,1059116,1827,1530,3030,2191,2601,924,2206,1255,3119,1849,2811,982
$JT,C,227,1059135,1059136,1827,1525,3029,2191,2597,923,2206,1260,3121,1849,2815,982
$JT,P,228,12,768
$JT,C,228,1059157,1059157,1827,1521,3029,2191,2591,920,2206,1265,3122,1849,2819,982
$JT,C,229,1059177,1059177,1827,1515,3029,2191,2586,919,2206,1271,3123,1849,2823,982
$JT,C,230,1059197,1059197,1827,1510,3029,2191,2581,918,2206,1276,3125,1849,2827,983
$JT,C,231,1059217,1059217,1827,1505,3028,2191,2576,917,2206,1282,3127,1849,2832,983
$JT,C,232,1059237,1059237,1827,1500,3028,2191,2572,917,2206,1289,3128,1849,2836,984
$JT,C,233,1059257,1059257,1827,1494,3027,2191,2566,916,2206,1295,3129,1849,2841,984
$JT,C,234,1059275,1059276,1827,1489,3027,2191,2561,915,2206,1300,3129,1849,2846,986
$JT,C,235,1059295,1059296,1827,1484,3025,2191,2557,915,2206,1305,3130,1849,2850,987
$JT,C,236,1059315,1059316,1827,1479,3024,2191,2552,914,2206,1311,3131,1849,2853,987
$JT,C,237,1059335,1059336,1827,1474,3023,2191,2548,914,2206,1316,3131,1849,2858,988
$JT,C,238,1059355,1059356,1827,1469,3022,2191,2544,914,2206,1321,3131,1849,2863,989
$JT,C,239,1059375,1059376,1827,1464,3021,2191,2540,914,2206,1325,3131,1849,2866,990
$JT,P,240,12,768
$JT,C,240,1059395,1059396,1827,1460,3019,2191,2536,913,2206,1330,3132,1849,2869,991
$JT,C,241,1059415,1059416,1827,1456,3017,2191,2533,913,2206,1334,3132,1849,2873,992
$JT,C,242,1059435,1059436,1827,1451,3016,2191,2531,913,2206,1339,3132,1849,2876,994
$JT,C,243,1059455,1059456,1827,1448,3014,2191,2527,913,2206,1342,3132,1849,2880,995
$JT,C,244,1059475,1059476,1827,1444,3013,2191,2525,913,2206,1346,3132,1849,2883,996
$JT,C,245,1059495,1059496,1827,1441,3012,2191,2523,913,2206,1349,3132,1849,2885,997
$JT,C,246,1059515,1059516,1827,1438,3011,2191,2522,913,2206,1351,3132,1849,2888,998
$JT,C,247,1059535,1059536,1827,1435,3009,2191,2519,913,2206,1354,3132,1849,2890,999
$JT,C,248,1059555,1059556,1827,1432,3008,2191,2518,913,2206,1356,3131,1849,2892,999
$JT,C,249,1059575,1059576,1827,1430,3007,2191,2517,913,2206,1358,3131,1849,2894,1000
$JT,C,250,1059595,1059596,1827,1428,3006,2191,2516,913,2206,1361,3131,1849,2896,1002
$JT,C,251,1059615,1059616,1827,1426,3005,2191,2515,914,2206,1362,3131,1849,2897,1002
$JT,P,252,12,768
$JT,C,252,1059635,1059636,1827,1425,3004,2191,2511,917,2206,1365,3128,1849,2899,1003
$JT,C,253,1059655,1059656,1827,1424,3003,2191,2508,924,2206,1370,3121,1849,2900,1003
$JT,C,254,1059675,1059676,1827,1423,3003,2191,2502,933,2206,1375,3111,1849,2900,1004
$JT,C,255,1059697,1059697,1827,1422,3002,2191,2494,947,2206,1383,3098,1849,2901,1004
$JT,S,1054595,1054597,0,0,0,1928,0,0,0,11400,30,0
$JT,S,1054597,1054599,0,1,0,1555,0,8,0,11400,29,0
$JT,S,1054617,1054619,1,2,0,3001,0,104,8,11500,33,0
$JT,S,1054619,1054621,1,3,0,2084,0,-48,2,11500,31,0
$JT,S,1054637,1054639,2,4,0,2443,0,-16,1,11500,28,0
$JT,S,1054639,1054641,2,5,0,1037,0,-160,10,11500,32,0
$JT,S,1054657,1054659,3,6,0,2106,0,24,0,11400,31,0
$JT,S,1054659,1054661,3,7,0,1424,0,64,5,11500,28,0
$JT,P,264,12,768
$JT,S,1054676,1054678,4,8,0,3010,0,144,9,11400,34,0
$JT,S,1054678,1054680,4,9,0,1952,0,0,0,11500,32,0
$JT,S,1054696,1054698,5,10,0,2773,0,-40,3,11400,30,0
$JT,S,1054698,1054700,5,11,0,1002,0,-168,11,11400,32,0
$JT,S,1054717,1054719,6,0,0,1928,0,0,0,11300,30,0
$JT,S,1054719,1054721,6,1,0,1555,0,8,1,11500,29,0
$JT,S,1054737,1054739,7,2,0,3001,0,104,10,11600,33,0
$JT,S,1054739,1054741,7,3,0,2084,0,-68,2,11500,31,0
$JT,S,1054757,1054759,8,4,0,2460,250,-124,16,11500,28,0
$JT,S,1054759,1054761,8,5,0,1031,-250,80,0,11600,32,0
$JT,S,1054777,1054779,9,6,0,2106,0,24,0,11400,31,0
$JT,S,1054779,1054781,9,7,0,1399,-400,168,23,11500,28,0
$JT,P,276,12,768
$JT,S,1054797,1054799,10,8,0,3030,350,-96,0,11400,34,0
$JT,S,1054799,1054801,10,9,0,1953,50,28,1,11400,32,0
$JT,S,1054816,1054818,11,10,0,2775,0,-16,0,11400,30,0
$JT,S,1054818,1054820,11,11,0,1001,-50,-180,13,11300,32,0
$JT,S,1054836,1054838,12,0,0,1933,50,44,1,11400,30,0
$JT,S,1054838,1054840,12,1,0,1551,0,-32,2,11400,29,0
$JT,S,1054856,1054858,13,2,0,3002,0,112,10,11600,33,0
$JT,S,1054858,1054860,13,3,0,2098,50,-36,1,11500,31,0
$JT,S,1054876,1054878,14,4,0,2512,500,-84,7,11500,29,0
$JT,S,1054878,1054880,14,5,0,979,-500,164,1,11600,31,0
$JT,S,1054896,1054898,15,6,0,2111,0,64,1,11400,31,0
$JT,S,1054898,1054900,15,7,0,1350,-400,44,3,11500,28,0
$JT,P,288,12,768
$JT,S,1054916,1054918,16,8,0,3075,250,-136,2,11500,34,0
$JT,S,1054918,1054920,16,9,0,1954,0,32,0,11500,32,0
$JT,S,1054936,1054938,17,10,0,2777,0,-24,1,11400,30,0
$JT,S,1054938,1054940,17,11,0,1000,0,-184,13,11400,32,0
$JT,S,1054956,1054958,18,0,0,1935,0,56,1,11300,30,0
$JT,S,1054958,1054960,18,1,0,1547,-100,-24,2,11500,29,0
$JT,S,1054976,1054978,19,2,0,3003,0,120,11,11600,33,0
$JT,S,1054978,1054980,19,3,0,2116,150,-76,0,11500,31,0
$JT,S,1054996,1054998,20,4,0,2532,100,-44,3,11500,29,0
$JT,S,1054998,1055000,20,5,0,941,-250,88,1,11600,32,0
$JT,S,1055016,1055018,21,6,0,2107,0,32,1,11400,31,0
$JT,S,1055018,1055020,21,7,0,1340,0,16,0,11500,28,0
$JT,P,300,12,768
$JT,S,1055036,1055038,22,8,0,3091,0,-28,1,11400,34,0
$JT,S,1055038,1055040,22,9,0,1957,0,56,2,11400,32,0
$JT,S,1055056,1055058,23,10,0,2778,50,-112,18,11400,30,0
$JT,S,1055058,1055060,23,11,0,998,-50,-204,22,11400,32,0
$JT,S,1055076,1055078,24,0,0,1937,0,72,2,11300,30,0
$JT,S,1055078,1055080,24,1,0,1539,-100,16,1,11500,29,0
$JT,S,1055096,1055098,25,2,0,3003,0,132,19,11500,33,0
$JT,S,1055098,1055100,25,3,0,2146,300,-104,1,11500,32,0
$JT,S,1055116,1055118,26,4,0,2540,0,-16,0,11500,28,0
$JT,S,1055118,1055120,26,5,0,925,-150,60,1,11600,32,0
$JT,S,1055136,1055138,27,6,0,2102,-100,-24,0,11400,31,0
$JT,S,1055138,1055140,27,7,0,1344,0,16,0,11400,28,0
$JT,P,312,12,768
$JT,S,1055156,1055158,28,8,0,3095,0,0,0,11400,34,0
$JT,S,1055158,1055160,28,9,0,1957,0,56,2,11400,32,0
$JT,S,1055176,1055178,29,10,0,2793,150,-188,42,11300,30,0
$JT,S,1055178,1055180,29,11,0,997,0,-228,27,11400,32,0
$JT,S,1055196,1055198,30,0,0,1935,0,56,1,11300,30,0
$JT,S,1055198,1055200,30,1,0,1520,-150,68,6,11400,29,0
$JT,S,1055216,1055218,31,2,0,3004,50,180,30,11500,33,0
$JT,S,1055218,1055220,31,3,0,2184,350,-120,2,11500,37,0
$JT,S,1055236,1055238,32,4,0,2536,-50,12,0,11400,29,0
$JT,S,1055238,1055240,32,5,0,913,-100,44,1,11600,31,0
$JT,S,1055256,1055258,33,6,0,2100,-50,-44,1,11400,31,0
$JT,S,1055258,1055260,33,7,0,1352,0,-36,2,11400,28,0
$JT,P,324,12,768
$JT,S,1055276,1055278,34,8,0,3095,0,-20,0,11400,34,0
$JT,S,1055278,1055280,34,9,0,1957,0,56,2,11400,32,0
$JT,S,1055296,1055298,35,10,0,2825,250,-152,22,11300,30,0
$JT,S,1055298,1055300,35,11,0,998,0,-276,29,11300,32,0
$JT,S,1055316,1055318,36,0,0,1933,-50,36,1,11300,30,0
$JT,S,1055318,1055320,36,1,0,1487,-300,52,4,11400,29,0
$JT,S,1055336,1055338,37,2,0,3005,0,256,45,11400,33,0
$JT,S,1055338,1055340,37,3,0,2226,300,-116,2,11500,31,0
$JT,S,1055356,1055358,38,4,0,2524,-100,0,0,11400,29,0
$JT,S,1055358,1055360,38,5,0,908,-100,28,0,11500,32,0
$JT,S,1055376,1055378,39,6,0,2100,0,-40,0,11400,31,0
$JT,S,1055378,1055380,39,7,0,1364,150,-60,5,11400,28,0
$JT,P,336,12,768
$JT,S,1055396,1055398,40,8,0,3090,-50,-44,2,11400,34,0
$JT,S,1055398,1055400,40,9,0,1955,-50,36,0,11400,32,0
$JT,S,1055416,1055418,41,10,0,2857,250,-80,5,11300,30,0
$JT,S,1055418,1055420,41,11,0,1000,0,-336,41,11300,32,0
$JT,S,1055436,1055438,42,0,0,1933,0,40,1,11300,30,0
$JT,S,1055438,1055440,42,1,0,1459,-150,8,0,11400,29,0
$JT,S,1055456,1055458,43,2,0,2997,-150,256,26,11400,33,0
$JT,S,1055458,1055460,43,3,0,2262,250,-96,1,11500,31,0
$JT,S,1055476,1055478,44,4,0,2515,-100,12,0,11400,29,0
$JT,S,1055478,1055480,44,5,0,908,0,20,0,11600,31,0
$JT,S,1055496,1055498,45,6,0,2107,0,32,0,11400,31,0
$JT,S,1055498,1055500,45,7,0,1377,-50,-72,6,11400,28,0
$JT,P,348,12,768
$JT,S,1055516,1055518,46,8,0,3090,-150,72,2,11400,34,0
$JT,S,1055518,1055520,46,9,0,1956,0,48,1,11400,32,0
$JT,S,1055537,1055539,47,10,0,2873,100,-32,1,11400,30,0
$JT,S,1055539,1055541,47,11,0,1010,250,-276,32,11300,32,0
$JT,S,1055557,1055559,48,0,0,1935,0,56,2,11300,30,0
$JT,S,1055559,1055561,48,1,0,1443,-100,-44,3,11400,29,0
$JT,S,1055577,1055579,49,2,0,2987,-50,204,37,11600,33,0
$JT,S,1055579,1055581,49,3,0,2285,100,-48,1,11500,31,0
$JT,S,1055597,1055599,50,4,0,2486,-250,88,4,11400,29,0
$JT,S,1055599,1055601,50,5,0,924,150,-240,7,11600,31,0
$JT,S,1055616,1055618,51,6,0,2107,0,32,0,11400,31,0
$JT,S,1055618,1055620,51,7,0,1421,550,-64,2,11400,28,0
$JT,P,360,12,768
$JT,S,1055636,1055638,52,8,0,3051,-400,220,6,11400,34,0
$JT,S,1055638,1055640,52,9,0,1956,0,48,1,11400,32,0
$JT,S,1055656,1055658,53,10,0,2882,0,24,0,11400,30,0
$JT,S,1055658,1055660,53,11,0,1017,100,-232,17,11300,32,0
$JT,S,1055676,1055678,54,0,0,1937,0,72,2,11300,30,0
$JT,S,1055678,1055680,54,1,0,1441,0,-48,3,11500,29,0
$JT,S,1055696,1055698,55,2,0,2968,-150,56,2,11600,33,0
$JT,S,1055698,1055700,55,3,0,2290,0,-40,0,11500,31,0
$JT,S,1055716,1055718,56,4,0,2463,-50,48,3,11500,29,0
$JT,S,1055718,1055720,56,5,0,975,400,-264,18,11500,32,0
$JT,S,1055736,1055738,57,6,0,2102,-50,-24,1,11400,31,0
$JT,S,1055738,1055740,57,7,0,1446,50,16,0,11500,28,0
$JT,P,372,12,768
$JT,S,1055756,1055758,58,8,0,3004,-200,132,5,11400,34,0
$JT,S,1055758,1055760,58,9,0,1954,0,32,1,11500,32,0
$JT,S,1055777,1055779,59,10,0,2881,0,-40,2,11400,30,0
$JT,S,1055779,1055781,59,11,0,1025,0,-80,3,11400,32,0
$JT,S,1055797,1055799,60,0,0,1937,0,84,3,11300,30,0
$JT,S,1055799,1055801,60,1,0,1435,-200,48,3,11500,29,0
$JT,S,1055817,1055819,61,2,0,2971,100,-120,3,11600,35,0
$JT,S,1055819,1055821,61,3,0,2289,0,-32,0,11500,31,0
$JT,S,1055837,1055839,62,4,0,2460,0,0,0,11500,29,0
$JT,S,1055839,1055841,62,5,0,992,50,-152,9,11600,32,0
$JT,S,1055857,1055859,63,6,0,2100,0,-60,2,11400,31,0
$JT,S,1055859,1055861,63,7,0,1447,0,80,10,11400,28,0
$JT,P,384,12,768
$JT,S,1055877,1055879,64,8,0,3006,50,136,7,11400,35,0
$JT,S,1055879,1055881,64,9,0,1954,0,68,2,11500,33,0
$JT,S,1055897,1055899,65,10,0,2914,350,-96,8,11400,30,0
$JT,S,1055899,1055901,65,11,0,989,-500,136,0,11400,32,0
$JT,S,1055916,1055918,66,0,0,1924,-250,-20,0,11300,30,0
$JT,S,1055918,1055920,66,1,0,1399,-250,32,2,11500,29,0
$JT,S,1055936,1055938,67,2,0,3026,600,-208,9,11500,33,0
$JT,S,1055938,1055940,67,3,0,2289,0,48,1,11500,31,0
$JT,S,1055956,1055958,68,4,0,2472,150,-24,1,11400,29,0
$JT,S,1055958,1055960,68,5,0,992,0,-148,8,11600,32,0
$JT,S,1055977,1055979,69,6,0,2101,50,-128,7,11400,31,0
$JT,S,1055979,1055981,69,7,0,1436,-100,144,32,11400,28,0
$JT,P,396,12,768
$JT,S,1055997,1055999,70,8,0,3008,0,100,4,11400,34,0
$JT,S,1055999,1056001,70,9,0,1945,-50,84,2,11400,32,0
$JT,S,1056017,1056019,71,10,0,2918,-150,68,3,11400,30,0
$JT,S,1056019,1056021,71,11,0,931,-450,76,0,11400,32,0
$JT,S,1056037,1056039,72,0,0,1914,-100,36,0,11300,30,0
$JT,S,1056039,1056041,72,1,0,1413,250,-32,1,11400,29,0
$JT,S,1056057,1056059,73,2,0,3081,300,-108,5,11500,33,0
$JT,S,1056059,1056061,73,3,0,2287,0,148,11,11500,31,0
$JT,S,1056077,1056079,74,4,0,2490,150,-76,5,11400,29,0
$JT,S,1056079,1056081,74,5,0,992,0,-152,9,11600,32,0
$JT,S,1056097,1056099,75,6,0,2114,100,-152,7,11300,31,0
$JT,S,1056099,1056101,75,7,0,1408,-250,184,41,11400,28,0
$JT,P,408,12,768
$JT,S,1056117,1056119,76,8,0,3007,0,32,1,11300,34,0
$JT,S,1056119,1056121,76,9,0,1945,50,236,21,11400,32,0
$JT,S,1056136,1056138,77,10,0,2902,-100,120,19,11300,30,0
$JT,S,1056138,1056140,77,11,0,904,-100,0,0,11300,32,0
$JT,S,1056156,1056158,78,0,0,1897,-200,60,0,11300,30,0
$JT,S,1056158,1056160,78,1,0,1441,300,-40,1,11400,29,0
$JT,S,1056176,1056178,79,2,0,3104,100,-72,3,11500,33,0
$JT,S,1056178,1056180,79,3,0,2291,0,332,56,11400,31,0
$JT,S,1056196,1056198,80,4,0,2513,200,-100,7,11400,28,0
$JT,S,1056198,1056200,80,5,0,992,0,-196,14,11400,32,0
$JT,S,1056216,1056218,81,6,0,2138,250,-116,3,11300,31,0
$JT,S,1056218,1056220,81,7,0,1361,-450,104,8,11400,28,0
$JT,P,420,12,768
$JT,S,1056236,1056238,82,8,0,3007,0,0,0,11400,34,0
$JT,S,1056238,1056240,82,9,0,1929,-250,252,19,11300,32,0
$JT,S,1056256,1056258,83,10,0,2888,-50,188,34,11200,30,0
$JT,S,1056258,1056260,83,11,0,892,-50,28,0,11300,32,0
$JT,S,1056276,1056278,84,0,0,1874,-150,48,0,11300,30,0
$JT,S,1056278,1056280,84,1,0,1469,200,-24,0,11400,29,0
$JT,S,1056296,1056298,85,2,0,3117,50,-60,4,11500,33,0
$JT,S,1056298,1056300,85,3,0,2273,-250,356,56,11400,31,0
$JT,S,1056316,1056318,86,4,0,2531,100,-132,18,11400,29,0
$JT,S,1056318,1056320,86,5,0,990,0,-272,29,11400,32,0
$JT,S,1056336,1056338,87,6,0,2162,200,-104,3,11300,31,0
$JT,S,1056338,1056340,87,7,0,1328,-250,88,7,11400,28,0
$JT,P,432,12,768
$JT,S,1056356,1056358,88,8,0,3007,0,24,0,11400,34,0
$JT,S,1056358,1056360,88,9,0,1895,-250,156,5,11300,32,0
$JT,S,1056376,1056378,89,10,0,2877,-150,200,67,11300,30,0
$JT,S,1056378,1056380,89,11,0,884,-100,-20,0,11300,32,0
$JT,S,1056396,1056398,90,0,0,1854,-150,56,0,11300,30,0
$JT,S,1056398,1056400,90,1,0,1487,150,-16,0,11400,29,0
$JT,S,1056416,1056418,91,2,0,3124,100,-48,2,11400,33,0
$JT,S,1056418,1056420,91,3,0,2242,-200,268,23,11400,31,0
$JT,S,1056436,1056438,92,4,0,2534,0,-208,65,11400,29,0
$JT,S,1056438,1056440,92,5,0,989,0,-356,50,11400,32,0
$JT,S,1056456,1056458,93,6,0,2174,100,-168,9,11300,31,0
$JT,S,1056458,1056460,93,7,0,1312,-150,120,24,11300,28,0
$JT,P,444,12,768
$JT,S,1056476,1056478,94,8,0,3011,50,84,3,11300,34,0
$JT,S,1056478,1056480,94,9,0,1878,-50,168,12,11200,32,0
$JT,S,1056496,1056498,95,10,0,2870,0,196,39,11100,30,0
$JT,S,1056498,1056500,95,11,0,881,0,0,0,11300,32,0
$JT,S,1056516,1056518,96,0,0,1837,-150,40,0,11300,30,0
$JT,S,1056518,1056520,96,1,0,1498,50,-16,1,11300,29,0
$JT,S,1056536,1056538,97,2,0,3125,50,28,0,11400,33,0
$JT,S,1056538,1056540,97,3,0,2222,-50,216,17,11300,31,0
$JT,S,1056556,1056558,98,4,0,2542,150,-208,52,11100,29,0
$JT,S,1056558,1056560,98,5,0,989,0,-404,69,11300,31,0
$JT,S,1056577,1056579,99,6,0,2186,100,-140,7,11300,105,0
$JT,S,1056579,1056581,99,7,0,1299,-100,96,10,11400,28,0
$JT,P,456,12,768
$JT,S,1056597,1056599,100,8,0,3012,0,96,4,11300,34,0
$JT,S,1056599,1056601,100,9,0,1871,-100,172,11,11400,32,0
$JT,S,1056617,1056619,101,10,0,2840,-450,244,54,11100,30,0
$JT,S,1056619,1056621,101,11,0,896,200,-180,5,11300,32,0
$JT,S,1056636,1056638,102,0,0,1829,-50,20,0,11300,30,0
$JT,S,1056638,1056640,102,1,0,1530,350,-72,3,11400,29,0
$JT,S,1056656,1056658,103,2,0,3096,-400,188,6,11500,33,0
$JT,S,1056658,1056660,103,3,0,2216,-50,212,24,11400,31,0
$JT,S,1056676,1056678,104,4,0,2558,100,-112,18,11400,29,0
$JT,S,1056678,1056680,104,5,0,989,0,-424,89,11300,31,0
$JT,S,1056696,1056698,105,6,0,2189,0,-144,9,11300,31,0
$JT,S,1056698,1056700,105,7,0,1289,-50,24,1,11400,28,0
$JT,P,468,12,768
$JT,S,1056716,1056718,106,8,0,3009,0,72,3,11400,35,0
$JT,S,1056718,1056720,106,9,0,1865,0,136,7,11400,32,0
$JT,S,1056736,1056738,107,10,0,2806,-200,168,29,11200,30,0
$JT,S,1056738,1056740,107,11,0,957,500,-124,0,11300,32,0
$JT,S,1056756,1056758,108,0,0,1829,0,24,0,11300,30,0
$JT,S,1056758,1056760,108,1,0,1555,50,0,0,11400,29,0
$JT,S,1056776,1056778,109,2,0,3049,-300,160,19,11500,33,0
$JT,S,1056778,1056780,109,3,0,2211,-50,164,14,11500,31,0
$JT,S,1056796,1056798,110,4,0,2562,50,-120,19,11500,29,0
$JT,S,1056798,1056800,110,5,0,1004,300,-220,19,11500,32,0
$JT,S,1056817,1056819,111,6,0,2192,0,-120,6,11400,31,0
$JT,S,1056819,1056821,111,7,0,1281,-100,48,3,11400,28,0
$JT,P,480,12,768
$JT,S,1056837,1056839,112,8,0,3014,150,-48,0,11400,34,0
$JT,S,1056839,1056841,112,9,0,1865,0,136,8,11400,32,0
$JT,S,1056857,1056859,113,10,0,2798,-50,88,12,11400,30,0
$JT,S,1056859,1056861,113,11,0,980,50,-20,0,11400,32,0
$JT,S,1056877,1056879,114,0,0,1827,0,0,0,11300,30,0
$JT,S,1056879,1056881,114,1,0,1555,0,48,4,11400,29,0
$JT,S,1056897,1056899,115,2,0,3046,50,148,10,11500,33,0
$JT,S,1056899,1056901,115,3,0,2203,0,104,4,11500,31,0
$JT,S,1056917,1056919,116,4,0,2599,450,-124,12,11500,28,0
$JT,S,1056919,1056921,116,5,0,998,-200,164,3,11600,32,0
$JT,S,1056936,1056938,117,6,0,2195,0,-92,4,11400,31,0
$JT,S,1056938,1056940,117,7,0,1245,-300,40,2,11500,28,0
$JT,P,492,12,768
$JT,S,1056956,1056958,118,8,0,3064,500,-148,0,11500,34,0
$JT,S,1056958,1056960,118,9,0,1865,0,136,8,11500,32,0
$JT,S,1056976,1056978,119,10,0,2800,50,16,1,11400,30,0
$JT,S,1056978,1056980,119,11,0,974,-100,-72,3,11400,32,0
$JT,S,1056996,1056998,120,0,0,1835,100,80,3,11400,30,0
$JT,S,1056998,1057000,120,1,0,1544,-100,80,7,11500,29,0
$JT,S,1057016,1057018,121,2,0,3049,0,160,11,11500,33,0
$JT,S,1057018,1057020,121,3,0,2196,0,48,1,11500,31,0
$JT,S,1057036,1057038,122,4,0,2608,-150,36,0,11500,29,0
$JT,S,1057038,1057040,122,5,0,944,-400,124,1,11600,31,0
$JT,S,1057056,1057058,123,6,0,2200,0,-56,2,11400,33,0
$JT,S,1057058,1057060,123,7,0,1251,250,-72,4,11400,28,0
$JT,P,504,12,768
$JT,S,1057076,1057078,124,8,0,3113,300,-60,0,11400,34,0
$JT,S,1057078,1057080,124,9,0,1866,0,144,9,11400,32,0
$JT,S,1057096,1057098,125,10,0,2812,50,-64,3,11400,30,0
$JT,S,1057098,1057100,125,11,0,968,-50,-124,6,11400,32,0
$JT,S,1057116,1057118,126,0,0,1836,0,80,2,11300,30,0
$JT,S,1057118,1057120,126,1,0,1541,0,240,71,11200,29,0
$JT,S,1057136,1057138,127,2,0,3050,0,188,21,11300,33,0
$JT,S,1057138,1057140,127,3,0,2196,0,48,2,11400,31,0
$JT,S,1057156,1057158,128,4,0,2579,-250,40,1,11400,28,0
$JT,S,1057158,1057160,128,5,0,922,-50,52,1,11500,31,0
$JT,S,1057176,1057178,129,6,0,2199,0,-64,1,11300,31,0
$JT,S,1057178,1057180,129,7,0,1280,200,-92,10,11400,28,0
$JT,P,516,12,768
$JT,S,1057196,1057198,130,8,0,3123,50,-60,1,11300,34,0
$JT,S,1057198,1057200,130,9,0,1866,0,144,9,11400,32,0
$JT,S,1057216,1057218,131,10,0,2834,250,-104,9,11300,30,0
$JT,S,1057218,1057220,131,11,0,966,0,-160,10,11300,32,0
$JT,S,1057236,1057238,132,0,0,1836,0,80,3,11300,30,0
$JT,S,1057238,1057240,132,1,0,1514,-350,264,68,11200,29,0
$JT,S,1057256,1057258,133,2,0,3050,0,236,29,11400,33,0
$JT,S,1057258,1057260,133,3,0,2196,0,48,1,11500,31,0
$JT,S,1057276,1057278,134,4,0,2550,-250,36,0,11400,28,0
$JT,S,1057278,1057280,134,5,0,919,0,48,1,11600,32,0
$JT,S,1057296,1057298,135,6,0,2201,0,-48,1,11400,31,0
$JT,S,1057298,1057300,135,7,0,1309,150,-116,18,11400,28,0
$JT,P,528,12,768
$JT,S,1057316,1057318,136,8,0,3126,0,-52,2,11400,34,0
$JT,S,1057318,1057320,136,9,0,1865,0,136,7,11400,32,0
$JT,S,1057336,1057338,137,10,0,2869,150,-28,0,11300,30,0
$JT,S,1057338,1057340,137,11,0,968,0,-196,20,11400,32,0
$JT,S,1057356,1057358,138,0,0,1836,0,80,3,11300,30,0
$JT,S,1057358,1057360,138,1,0,1470,-300,124,14,11400,29,0
$JT,S,1057376,1057378,139,2,0,3050,0,296,39,11400,33,0
$JT,S,1057378,1057380,139,3,0,2196,0,48,1,11500,31,0
$JT,S,1057396,1057398,140,4,0,2526,-200,4,0,11400,29,0
$JT,S,1057398,1057400,140,5,0,917,-100,32,1,11600,31,0
$JT,S,1057416,1057418,141,6,0,2205,100,24,0,11400,31,0
$JT,S,1057418,1057420,141,7,0,1344,250,-16,0,11400,28,0
$JT,P,540,12,768
$JT,S,1057436,1057438,142,8,0,3129,50,-28,1,11400,34,0
$JT,S,1057438,1057440,142,9,0,1864,0,128,7,11400,32,0
$JT,S,1057456,1057458,143,10,0,2893,150,32,2,11400,30,0
$JT,S,1057458,1057460,143,11,0,980,100,-148,8,11400,32,0
$JT,S,1057476,1057478,144,0,0,1835,50,72,2,11300,30,0
$JT,S,1057478,1057480,144,1,0,1438,-250,32,2,11400,29,0
$JT,S,1057496,1057498,145,2,0,3049,0,352,88,11300,33,0
$JT,S,1057498,1057500,145,3,0,2196,0,48,1,11500,31,0
$JT,S,1057516,1057518,146,4,0,2515,-150,12,0,11400,29,0
$JT,S,1057518,1057520,146,5,0,916,0,32,1,11600,32,0
$JT,S,1057536,1057538,147,6,0,2206,0,0,0,11400,31,0
$JT,S,1057538,1057540,147,7,0,1358,200,0,0,11400,28,0
$JT,P,552,12,768
$JT,S,1057556,1057558,148,8,0,3130,0,0,0,11400,34,0
$JT,S,1057558,1057560,148,9,0,1864,0,128,6,11400,32,0
$JT,S,1057576,1057578,149,10,0,2907,50,60,4,11400,30,0
$JT,S,1057578,1057580,149,11,0,989,0,-132,7,11400,32,0
$JT,S,1057596,1057598,150,0,0,1836,0,80,3,11300,30,0
$JT,S,1057598,1057600,150,1,0,1425,-50,8,1,11400,29,0
$JT,S,1057617,1057619,151,2,0,3044,-50,336,52,11400,33,0
$JT,S,1057619,1057621,151,3,0,2196,0,48,1,11500,31,0
$JT,S,1057637,1057639,152,4,0,2499,-250,44,2,11400,29,0
$JT,S,1057639,1057641,152,5,0,919,50,-132,3,11500,32,0
$JT,S,1057657,1057659,153,6,0,2207,0,0,0,11400,31,0
$JT,S,1057659,1057661,153,7,0,1380,250,-64,2,11400,29,0
$JT,P,564,12,768
$JT,S,1057677,1057679,154,8,0,3111,-350,148,2,11400,35,0
$JT,S,1057679,1057681,154,9,0,1864,0,128,6,11400,32,0
$JT,S,1057696,1057698,155,10,0,2909,50,40,3,11400,30,0
$JT,S,1057698,1057700,155,11,0,990,0,-128,8,11400,32,0
$JT,S,1057716,1057718,156,0,0,1836,0,80,2,11300,30,0
$JT,S,1057718,1057720,156,1,0,1424,0,24,1,11300,29,0
$JT,S,1057736,1057738,157,2,0,3040,-50,312,42,11400,33,0
$JT,S,1057738,1057740,157,3,0,2192,0,0,0,11500,31,0
$JT,S,1057756,1057758,158,4,0,2461,-250,68,2,11400,29,0
$JT,S,1057758,1057760,158,5,0,963,400,-256,12,11500,31,0
$JT,S,1057776,1057778,159,6,0,2205,-50,0,0,11400,31,0
$JT,S,1057778,1057780,159,7,0,1419,250,-16,0,11400,28,0
$JT,P,576,12,768
$JT,S,1057796,1057798,160,8,0,3062,-350,220,11,11400,34,0
$JT,S,1057798,1057800,160,9,0,1861,-50,100,4,11500,32,0
$JT,S,1057816,1057818,161,10,0,2909,0,32,2,11400,30,0
$JT,S,1057818,1057820,161,11,0,990,0,-116,5,11400,32,0
$JT,S,1057836,1057838,162,0,0,1836,0,80,2,11300,30,0
$JT,S,1057838,1057840,162,1,0,1427,0,80,9,11400,29,0
$JT,S,1057856,1057858,163,2,0,3023,-50,120,7,11600,33,0
$JT,S,1057858,1057860,163,3,0,2191,0,0,0,11500,31,0
$JT,S,1057877,1057879,164,4,0,2452,-50,-16,0,11500,29,0
$JT,S,1057879,1057881,164,5,0,994,100,-184,16,11500,31,0
$JT,S,1057897,1057899,165,6,0,2203,0,-32,0,11400,31,0
$JT,S,1057899,1057901,165,7,0,1422,0,24,1,11400,28,0
$JT,P,588,12,768
$JT,S,1057917,1057919,166,8,0,3048,0,168,12,11400,34,0
$JT,S,1057919,1057921,166,9,0,1859,0,88,3,11500,32,0
$JT,S,1057937,1057939,167,10,0,2930,350,-56,1,11400,30,0
$JT,S,1057939,1057941,167,11,0,980,-300,136,2,11400,32,0
$JT,S,1057957,1057959,168,0,0,1833,-100,48,0,11400,30,0
$JT,S,1057959,1057961,168,1,0,1394,-450,100,9,11400,29,0
$JT,S,1057977,1057979,169,2,0,3042,400,-184,5,11500,33,0
$JT,S,1057979,1057981,169,3,0,2195,100,48,1,11500,31,0
$JT,S,1057996,1057998,170,4,0,2459,100,-24,0,11500,29,0
$JT,S,1057998,1058000,170,5,0,995,-50,-180,17,11600,32,0
$JT,S,1058016,1058018,171,6,0,2202,-50,-40,1,11400,31,0
$JT,S,1058018,1058020,171,7,0,1414,-50,64,4,11500,28,0
$JT,P,600,12,768
$JT,S,1058036,1058038,172,8,0,3051,50,184,19,11400,35,0
$JT,S,1058038,1058040,172,9,0,1854,0,48,2,11500,32,0
$JT,S,1058056,1058058,173,10,0,2950,0,60,2,11400,30,0
$JT,S,1058058,1058060,173,11,0,925,-550,176,2,11400,32,0
$JT,S,1058076,1058078,174,0,0,1826,0,0,0,11400,30,0
$JT,S,1058078,1058080,174,1,0,1382,200,-24,1,11400,29,0
$JT,S,1058096,1058098,175,2,0,3099,400,-128,6,11500,40,0
$JT,S,1058098,1058100,175,3,0,2189,0,-24,0,11500,31,0
$JT,S,1058117,1058119,176,4,0,2468,100,-116,19,11400,28,0
$JT,S,1058119,1058121,176,5,0,995,0,-184,13,11500,32,0
$JT,S,1058137,1058139,177,6,0,2202,0,-40,1,11300,31,0
$JT,S,1058139,1058141,177,7,0,1405,-50,176,43,11500,28,0
$JT,P,612,12,768
$JT,S,1058156,1058158,178,8,0,3053,50,212,24,11400,34,0
$JT,S,1058158,1058160,178,9,0,1854,0,48,1,11400,32,0
$JT,S,1058177,1058179,179,10,0,2933,-200,144,27,11300,30,0
$JT,S,1058179,1058181,179,11,0,886,-100,32,1,11400,32,0
$JT,S,1058196,1058198,180,0,0,1826,0,0,0,11300,30,0
$JT,S,1058198,1058200,180,1,0,1413,300,-40,2,11400,29,0
$JT,S,1058216,1058218,181,2,0,3122,100,-68,3,11500,33,0
$JT,S,1058218,1058220,181,3,0,2197,50,60,2,11400,31,0
$JT,S,1058236,1058238,182,4,0,2480,150,-220,41,11200,29,0
$JT,S,1058238,1058240,182,5,0,994,0,-212,21,11500,32,0
$JT,S,1058256,1058258,183,6,0,2202,0,-40,1,11300,31,0
$JT,S,1058258,1058260,183,7,0,1383,-250,228,58,11100,28,0
$JT,P,624,12,768
$JT,S,1058276,1058278,184,8,0,3053,0,244,25,11300,34,0
$JT,S,1058278,1058280,184,9,0,1854,0,48,1,11300,32,0
$JT,S,1058296,1058298,185,10,0,2917,-50,260,68,11100,30,0
$JT,S,1058298,1058300,185,11,0,886,100,76,2,11300,33,0
$JT,S,1058316,1058318,186,0,0,1826,0,0,0,11200,30,0
$JT,S,1058318,1058320,186,1,0,1446,300,-32,1,11400,29,0
$JT,S,1058336,1058338,187,2,0,3126,0,-60,3,11400,33,0
$JT,S,1058338,1058340,187,3,0,2201,50,92,3,11400,31,0
$JT,S,1058356,1058358,188,4,0,2512,250,-164,27,11400,28,0
$JT,S,1058358,1058360,188,5,0,994,0,-260,26,11300,31,0
$JT,S,1058376,1058378,189,6,0,2202,0,-40,1,11300,31,0
$JT,S,1058378,1058380,189,7,0,1347,-300,176,30,11200,28,0
$JT,P,636,12,768
$JT,S,1058396,1058398,190,8,0,3046,-50,252,21,11300,34,0
$JT,S,1058398,1058400,190,9,0,1855,0,56,1,11400,32,0
$JT,S,1058416,1058418,191,10,0,2890,-350,216,57,11300,30,0
$JT,S,1058418,1058420,191,11,0,883,-50,44,1,11300,32,0
$JT,S,1058436,1058438,192,0,0,1826,0,0,0,11300,30,0
$JT,S,1058438,1058440,192,1,0,1474,200,-12,0,11400,29,0
$JT,S,1058456,1058458,193,2,0,3129,0,-40,1,11500,33,0
$JT,S,1058458,1058460,193,3,0,2201,0,88,4,11400,31,0
$JT,S,1058476,1058478,194,4,0,2540,200,-96,9,11400,28,0
$JT,S,1058478,1058480,194,5,0,994,0,-316,45,11400,31,0
$JT,S,1058496,1058498,195,6,0,2202,0,-40,0,11300,31,0
$JT,S,1058498,1058500,195,7,0,1320,-200,136,27,11300,28,0
$JT,P,648,12,768
$JT,S,1058516,1058518,196,8,0,3041,0,276,30,11300,34,0
$JT,S,1058518,1058520,196,9,0,1855,0,56,1,11400,32,0
$JT,S,1058536,1058538,197,10,0,2867,-150,140,16,11400,30,0
$JT,S,1058538,1058540,197,11,0,882,0,40,1,11400,32,0
$JT,S,1058556,1058558,198,0,0,1826,0,0,0,11300,30,0
$JT,S,1058558,1058560,198,1,0,1491,100,-8,0,11400,29,0
$JT,S,1058576,1058578,199,2,0,3130,0,-24,1,11500,33,0
$JT,S,1058578,1058580,199,3,0,2199,-50,68,2,11400,31,0
$JT,S,1058596,1058598,200,4,0,2557,100,-56,3,11300,29,0
$JT,S,1058598,1058600,200,5,0,996,0,-340,56,11400,31,0
$JT,S,1058616,1058618,201,6,0,2202,0,-40,1,11400,31,0
$JT,S,1058618,1058620,201,7,0,1300,-200,76,10,11400,28,0
$JT,P,660,12,768
$JT,S,1058636,1058638,202,8,0,3038,0,300,43,11300,34,0
$JT,S,1058638,1058640,202,9,0,1854,0,48,1,11400,32,0
$JT,S,1058656,1058658,203,10,0,2852,-50,128,22,11400,30,0
$JT,S,1058658,1058660,203,11,0,880,100,-72,2,11400,32,0
$JT,S,1058677,1058679,204,0,0,1826,0,0,0,11300,30,0
$JT,S,1058679,1058681,204,1,0,1508,200,-48,1,11400,29,0
$JT,S,1058697,1058699,205,2,0,3122,-200,144,4,11500,33,0
$JT,S,1058699,1058701,205,3,0,2198,0,64,2,11500,31,0
$JT,S,1058717,1058719,206,4,0,2567,100,-16,0,11400,29,0
$JT,S,1058719,1058721,206,5,0,1008,100,-252,29,11500,32,0
$JT,S,1058737,1058739,207,6,0,2202,0,-40,1,11300,31,0
$JT,S,1058739,1058741,207,7,0,1294,0,64,7,11400,28,0
$JT,P,672,12,768
$JT,S,1058756,1058758,208,8,0,3025,-100,188,12,11400,34,0
$JT,S,1058758,1058760,208,9,0,1854,0,48,1,11400,32,0
$JT,S,1058776,1058778,209,10,0,2814,-350,188,25,11200,30,0
$JT,S,1058778,1058780,209,11,0,917,450,-240,6,11300,32,0
$JT,S,1058796,1058798,210,0,0,1826,0,0,0,11300,30,0
$JT,S,1058798,1058800,210,1,0,1551,350,-32,1,11400,29,0
$JT,S,1058816,1058818,211,2,0,3066,-550,176,9,11500,33,0
$JT,S,1058818,1058820,211,3,0,2202,50,100,5,11500,31,0
$JT,S,1058836,1058838,212,4,0,2568,0,-24,1,11400,29,0
$JT,S,1058838,1058840,212,5,0,1011,0,-236,22,11500,31,0
$JT,S,1058856,1058858,213,6,0,2203,0,-32,0,11400,31,0
$JT,S,1058858,1058860,213,7,0,1293,0,80,8,11400,28,0
$JT,P,684,12,768
$JT,S,1058876,1058878,214,8,0,3019,0,144,9,11400,34,0
$JT,S,1058878,1058880,214,9,0,1854,0,48,1,11400,32,0
$JT,S,1058896,1058898,215,10,0,2797,-50,80,11,11400,30,0
$JT,S,1058898,1058900,215,11,0,962,250,-152,5,11400,32,0
$JT,S,1058917,1058919,216,0,0,1825,-50,-28,0,11400,30,0
$JT,S,1058919,1058921,216,1,0,1557,0,8,0,11500,29,0
$JT,S,1058937,1058939,217,2,0,3038,0,76,3,11600,33,0
$JT,S,1058939,1058941,217,3,0,2201,-50,84,3,11500,31,0
$JT,S,1058957,1058959,218,4,0,2579,300,-124,10,11500,29,0
$JT,S,1058959,1058961,218,5,0,1012,0,44,0,11600,32,0
$JT,S,1058977,1058979,219,6,0,2203,0,-32,0,11400,31,0
$JT,S,1058979,1058981,219,7,0,1272,-300,164,25,11400,28,0
$JT,P,696,12,768
$JT,S,1058997,1058999,220,8,0,3037,300,-104,0,11400,137,0
$JT,S,1058999,1059001,220,9,0,1854,0,48,1,11500,32,0
$JT,S,1059017,1059019,221,10,0,2799,50,40,3,11400,30,0
$JT,S,1059019,1059021,221,11,0,974,0,-64,2,11400,32,0
$JT,S,1059037,1059039,222,0,0,1824,0,-32,1,11400,30,0
$JT,S,1059039,1059041,222,1,0,1547,-100,8,0,11500,29,0
$JT,S,1059056,1059058,223,2,0,3044,50,136,9,11600,33,0
$JT,S,1059058,1059060,223,3,0,2197,-50,52,1,11500,31,0
$JT,S,1059076,1059078,224,4,0,2615,200,12,0,11500,29,0
$JT,S,1059078,1059080,224,5,0,972,-550,196,2,11600,31,0
$JT,S,1059096,1059098,225,6,0,2206,50,20,0,11400,31,0
$JT,S,1059098,1059100,225,7,0,1244,-50,-8,0,11500,28,0
$JT,P,708,12,768
$JT,S,1059116,1059118,226,8,0,3095,500,-104,0,11400,150,0
$JT,S,1059118,1059120,226,9,0,1855,0,56,2,11500,32,0
$JT,S,1059136,1059138,227,10,0,2810,150,-8,0,11400,30,0
$JT,S,1059138,1059140,227,11,0,973,0,-84,4,11400,32,0
$JT,S,1059157,1059159,228,0,0,1832,0,52,2,11400,30,0
$JT,S,1059159,1059161,228,1,0,1533,-150,72,6,11500,29,0
$JT,S,1059177,1059179,229,2,0,3044,0,128,9,11500,33,0
$JT,S,1059179,1059181,229,3,0,2196,0,48,2,11500,31,0
$JT,S,1059197,1059199,230,4,0,2590,-200,40,0,11500,29,0
$JT,S,1059199,1059201,230,5,0,928,-200,72,2,11600,32,0
$JT,S,1059217,1059219,231,6,0,2207,0,0,0,11400,31,0
$JT,S,1059219,1059221,231,7,0,1269,250,-52,3,11500,28,0
$JT,P,720,12,768
$JT,S,1059237,1059239,232,8,0,3124,150,-24,0,11400,34,0
$JT,S,1059239,1059241,232,9,0,1856,0,64,3,11400,32,0
$JT,S,1059257,1059259,233,10,0,2825,150,-80,8,11400,30,0
$JT,S,1059259,1059261,233,11,0,970,-50,-124,6,11400,32,0
$JT,S,1059276,1059278,234,0,0,1832,0,48,1,11300,30,0
$JT,S,1059278,1059280,234,1,0,1526,-100,256,85,11200,29,0
$JT,S,1059296,1059298,235,2,0,3045,0,160,13,11500,33,0
$JT,S,1059298,1059300,235,3,0,2196,0,48,2,11500,31,0
$JT,S,1059316,1059318,236,4,0,2560,-250,32,0,11400,29,0
$JT,S,1059318,1059320,236,5,0,920,0,60,2,11500,32,0
$JT,S,1059336,1059338,237,6,0,2204,0,-24,0,11300,31,0
$JT,S,1059338,1059340,237,7,0,1295,200,-128,19,11400,28,0
$JT,P,732,12,768
$JT,S,1059356,1059358,238,8,0,3127,0,-48,1,11400,34,0
$JT,S,1059358,1059360,238,9,0,1856,0,64,2,11400,33,0
$JT,S,1059376,1059378,239,10,0,2848,200,-120,16,11300,30,0
$JT,S,1059378,1059380,239,11,0,969,0,-172,11,11300,32,0
$JT,S,1059396,1059398,240,0,0,1832,0,48,1,11300,30,0
$JT,S,1059398,1059400,240,1,0,1491,-300,224,45,11300,29,0
$JT,S,1059416,1059418,241,2,0,3046,0,232,28,11400,33,0
$JT,S,1059418,1059420,241,3,0,2196,0,48,2,11500,31,0
$JT,S,1059436,1059438,242,4,0,2535,-200,24,0,11400,29,0
$JT,S,1059438,1059440,242,5,0,919,0,56,1,11600,31,0
$JT,S,1059456,1059458,243,6,0,2204,0,-24,0,11400,31,0
$JT,S,1059458,1059460,243,7,0,1326,200,-100,8,11400,28,0
$JT,P,744,12,768
$JT,S,1059476,1059478,244,8,0,3129,50,-32,1,11400,34,0
$JT,S,1059478,1059480,244,9,0,1856,0,64,2,11400,32,0
$JT,S,1059496,1059498,245,10,0,2882,150,-8,0,11400,30,0
$JT,S,1059498,1059500,245,11,0,970,50,-216,19,11300,32,0
$JT,S,1059516,1059518,246,0,0,1834,100,72,2,11300,30,0
$JT,S,1059518,1059520,246,1,0,1448,-450,60,4,11400,29,0
$JT,S,1059536,1059538,247,2,0,3046,0,300,42,11400,33,0
$JT,S,1059538,1059540,247,3,0,2196,0,48,1,11500,31,0
$JT,S,1059556,1059558,248,4,0,2520,-50,16,0,11400,29,0
$JT,S,1059558,1059560,248,5,0,916,0,32,0,11600,32,0
$JT,S,1059576,1059578,249,6,0,2206,50,0,0,11400,31,0
$JT,S,1059578,1059580,249,7,0,1356,350,0,0,11400,28,0
$JT,P,756,12,768
$JT,S,1059596,1059598,250,8,0,3129,0,-24,1,11400,34,0
$JT,S,1059598,1059600,250,9,0,1856,0,64,1,11400,32,0
$JT,S,1059616,1059618,251,10,0,2901,150,44,2,11300,30,0
$JT,S,1059618,1059620,251,11,0,983,50,-152,8,11300,32,0
$JT,S,1059636,1059638,252,0,0,1834,0,64,2,11300,30,0
$JT,S,1059638,1059640,252,1,0,1424,-100,-8,0,11300,29,0
$JT,S,1059656,1059658,253,2,0,3043,0,332,79,11300,33,0
$JT,S,1059658,1059660,253,3,0,2196,-50,44,1,11500,31,0
$JT,S,1059676,1059678,254,4,0,2510,-150,24,0,11400,29,0
$JT,S,1059678,1059680,254,5,0,916,0,-40,1,11600,31,0
$JT,S,1059697,1059699,255,6,0,2207,0,0,0,11400,31,0
$JT,S,1059699,1059701,255,7,0,1371,150,-32,0,11400,28,0
$JT,END
