$JT,M,1,256,256,0,1,17,3400,254
$JT,R,s-native-v6-2-1-v63
$JT,J,0,1,1929,-1
$JT,J,1,2,2077,-1
$JT,J,2,3,1965,1
$JT,J,3,4,2089,1
$JT,J,4,5,1922,1
$JT,J,5,6,2081,-1
$JT,J,6,7,2104,-1
$JT,J,7,8,1942,-1
$JT,J,8,9,1964,1
$JT,J,9,10,1951,1
$JT,J,10,11,2255,1
$JT,J,11,12,2046,-1
$JT,P,0,12,512
$JT,C,0,843375,843376,1929,1554,2989,2089,2445,1057,2104,1419,2988,1951,2778,1022
$JT,C,1,843399,843399,1929,1554,2989,2089,2457,1035,2104,1407,3010,1951,2778,1022
$JT,C,2,843417,843418,1929,1554,2989,2089,2466,1019,2104,1398,3026,1951,2778,1022
$JT,C,3,843439,843439,1929,1554,2989,2089,2474,1007,2104,1390,3038,1951,2778,1022
$JT,C,4,843456,843456,1929,1554,2989,2089,2476,1002,2104,1388,3043,1951,2778,1022
$JT,C,5,843476,843476,1929,1554,2989,2090,2478,999,2104,1386,3045,1951,2778,1022
$JT,C,6,843496,843496,1929,1554,2989,2090,2481,997,2104,1383,3047,1951,2778,1022
$JT,C,7,843516,843516,1929,1554,2989,2091,2484,994,2104,1381,3049,1951,2778,1022
$JT,C,8,843536,843536,1929,1555,2989,2092,2487,991,2104,1378,3052,1951,2777,1022
$JT,C,9,843556,843556,1929,1555,2989,2094,2491,989,2104,1374,3054,1951,2777,1022
$JT,C,10,843576,843576,1929,1555,2989,2095,2495,986,2104,1371,3055,1951,2777,1022
$JT,C,11,843596,843596,1929,1556,2989,2097,2500,984,2104,1366,3056,1951,2776,1022
$JT,P,12,12,512
$JT,C,12,843616,843616,1929,1556,2989,2099,2506,982,2104,1362,3057,1951,2776,1022
$JT,C,13,843636,843636,1929,1557,2989,2103,2513,980,2104,1356,3059,1951,2775,1022
$JT,C,14,843656,843656,1929,1557,2989,2105,2518,977,2104,1350,3060,1951,2775,1022
$JT,C,15,843676,843676,1929,1558,2989,2108,2525,975,2104,1345,3060,1951,2774,1022
$JT,C,16,843696,843696,1929,1558,2989,2113,2532,974,2104,1339,3060,1951,2774,1022
$JT,C,17,843716,843716,1929,1558,2989,2117,2539,972,2104,1333,3060,1951,2774,1022
$JT,C,18,843736,843736,1929,1559,2989,2122,2546,969,2104,1329,3060,1951,2773,1022
$JT,C,19,843756,843756,1929,1559,2989,2127,2551,967,2104,1324,3060,1951,2773,1022
$JT,C,20,843776,843776,1929,1558,2989,2132,2556,965,2104,1321,3060,1951,2774,1022
$JT,C,21,843796,843796,1929,1557,2989,2138,2560,963,2104,1317,3060,1951,2775,1022
$JT,C,22,843816,843816,1929,1556,2989,2145,2563,960,2104,1316,3060,1951,2776,1022
$JT,C,23,843836,843836,1929,1552,2989,2152,2565,957,2104,1316,3061,1951,2780,1022
$JT,P,24,12,512
$JT,C,24,843856,843856,1929,1549,2989,2158,2565,955,2104,1316,3061,1951,2783,1022
$JT,C,25,843876,843876,1929,1545,2989,2165,2563,951,2104,1321,3062,1951,2787,1022
$JT,C,26,843897,843898,1929,1539,2989,2173,2559,948,2104,1325,3063,1951,2793,1022
$JT,C,27,843917,843918,1929,1531,2988,2181,2556,944,2104,1330,3064,1951,2801,1023
$JT,C,28,843937,843938,1929,1523,2987,2188,2550,942,2104,1337,3065,1951,2809,1024
$JT,C,29,843957,843958,1929,1514,2986,2196,2546,939,2104,1342,3067,1951,2818,1025
$JT,C,30,843977,843978,1929,1504,2983,2204,2540,936,2104,1349,3068,1951,2828,1028
$JT,C,31,843997,843998,1929,1491,2981,2211,2533,935,2104,1356,3068,1951,2841,1030
$JT,C,32,844017,844018,1929,1480,2976,2219,2527,934,2104,1363,3068,1951,2852,1035
$JT,C,33,844037,844038,1929,1466,2971,2226,2520,933,2104,1369,3068,1951,2866,1040
$JT,C,34,844057,844058,1929,1452,2964,2233,2514,933,2104,1375,3068,1951,2880,1047
$JT,C,35,844079,844079,1929,1439,2956,2240,2508,933,2104,1382,3067,1951,2893,1055
$JT,P,36,12,512
$JT,C,36,844097,844098,1929,1426,2945,2246,2501,933,2104,1389,3067,1951,2906,1066
$JT,C,37,844119,844119,1929,1414,2933,2253,2494,933,2104,1395,3065,1951,2918,1078
$JT,C,38,844139,844139,1929,1401,2920,2259,2489,934,2104,1402,3064,1951,2931,1091
$JT,C,39,844157,844157,1929,1391,2905,2263,2483,935,2104,1407,3063,1951,2941,1106
$JT,C,40,844177,844177,1929,1382,2889,2269,2477,938,2104,1412,3062,1951,2950,1122
$JT,C,41,844197,844197,1929,1372,2875,2273,2472,939,2104,1417,3060,1951,2960,1136
$JT,C,42,844217,844217,1929,1364,2862,2277,2467,941,2104,1422,3059,1951,2968,1149
$JT,C,43,844237,844238,1929,1356,2849,2280,2462,942,2104,1427,3056,1951,2976,1162
$JT,C,44,844257,844258,1929,1350,2837,2284,2458,944,2104,1431,3054,1951,2982,1174
$JT,C,45,844277,844278,1929,1345,2825,2286,2454,947,2104,1435,3053,1951,2987,1186
$JT,C,46,844296,844296,1929,1342,2816,2288,2451,950,2104,1438,3051,1951,2990,1195
$JT,C,47,844317,844318,1929,1340,2808,2290,2448,952,2104,1440,3047,1951,2992,1203
$JT,P,48,12,512
$JT,C,48,844337,844338,1929,1337,2801,2292,2445,955,2104,1443,3045,1951,2995,1210
$JT,C,49,844356,844356,1929,1336,2797,2293,2443,958,2104,1446,3041,1951,2996,1214
$JT,C,50,844376,844376,1929,1335,2793,2293,2441,961,2104,1448,3038,1951,2997,1218
$JT,C,51,844396,844396,1929,1335,2792,2294,2437,966,2104,1450,3034,1951,2997,1219
$JT,C,52,844416,844416,1929,1335,2791,2294,2434,973,2104,1454,3028,1951,2997,1220
$JT,C,53,844436,844436,1929,1335,2791,2294,2428,985,2104,1460,3015,1951,2997,1220
$JT,C,54,844459,844459,1929,1309,2827,2294,2411,1018,2104,1477,2982,1951,3023,1184
$JT,C,55,844476,844476,1929,1302,2838,2294,2411,1017,2104,1477,2982,1951,3030,1173
$JT,C,56,844496,844496,1929,1299,2845,2294,2411,1017,2104,1477,2983,1951,3033,1166
$JT,C,57,844516,844516,1929,1296,2850,2294,2412,1017,2104,1476,2983,1951,3036,1161
$JT,C,58,844536,844536,1928,1294,2857,2293,2412,1017,2105,1476,2983,1951,3038,1154
$JT,C,59,844556,844556,1928,1294,2865,2292,2414,1017,2105,1474,2985,1950,3038,1146
$JT,P,60,12,512
$JT,C,60,844577,844578,1927,1294,2874,2292,2415,1017,2106,1472,2985,1950,3038,1138
$JT,C,61,844596,844596,1926,1294,2884,2290,2417,1016,2107,1470,2986,1949,3037,1128
$JT,C,62,844617,844618,1923,1296,2896,2288,2419,1016,2109,1468,2987,1949,3034,1116
$JT,C,63,844637,844638,1922,1300,2908,2287,2421,1015,2111,1465,2988,1948,3031,1104
$JT,C,64,844657,844657,1920,1303,2922,2285,2425,1015,2113,1461,2990,1945,3028,1090
$JT,C,65,844677,844677,1918,1309,2937,2282,2428,1014,2115,1457,2991,1944,3022,1077
$JT,C,66,844697,844697,1915,1315,2951,2280,2433,1013,2118,1453,2994,1943,3015,1063
$JT,C,67,844717,844717,1912,1322,2967,2278,2436,1013,2120,1448,2995,1941,3008,1047
$JT,C,68,844737,844737,1910,1328,2983,2274,2442,1011,2122,1443,2997,1938,3001,1030
$JT,C,69,844757,844758,1906,1336,2999,2272,2447,1011,2126,1437,2999,1935,2993,1015
$JT,C,70,844779,844779,1903,1345,3014,2269,2452,1010,2129,1430,3001,1933,2984,999
$JT,C,71,844799,844799,1901,1356,3029,2265,2459,1010,2131,1423,3003,1929,2974,986
$JT,P,72,12,512
$JT,C,72,844817,844818,1897,1367,3041,2263,2466,1009,2135,1416,3004,1926,2964,973
$JT,C,73,844839,844839,1894,1378,3052,2260,2473,1009,2138,1408,3005,1921,2952,962
$JT,C,74,844857,844858,1890,1390,3062,2256,2481,1009,2142,1399,3007,1918,2940,951
$JT,C,75,844877,844878,1887,1402,3070,2253,2490,1010,2144,1390,3007,1913,2929,943
$JT,C,76,844897,844898,1883,1415,3077,2251,2499,1010,2147,1380,3008,1908,2917,936
$JT,C,77,844917,844918,1881,1426,3081,2248,2509,1011,2150,1370,3007,1903,2906,930
$JT,C,78,844938,844938,1879,1438,3086,2246,2519,1014,2152,1358,3007,1898,2894,924
$JT,C,79,844957,844958,1877,1449,3089,2244,2531,1016,2154,1347,3005,1891,2884,920
$JT,C,80,844977,844978,1876,1460,3091,2241,2543,1019,2155,1336,3002,1885,2875,915
$JT,C,81,844997,844998,1874,1471,3093,2240,2556,1024,2156,1323,2998,1878,2866,912
$JT,C,82,845017,845018,1873,1480,3094,2240,2568,1030,2156,1311,2993,1870,2857,909
$JT,C,83,845037,845038,1873,1489,3094,2240,2581,1035,2156,1298,2986,1863,2849,907
$JT,P,84,12,512
$JT,C,84,845058,845058,1873,1497,3094,2240,2594,1043,2156,1286,2978,1855,2842,906
$JT,C,85,845079,845080,1874,1505,3093,2240,2607,1052,2155,1274,2969,1847,2835,905
$JT,C,86,845099,845100,1876,1512,3091,2241,2619,1062,2154,1263,2957,1839,2830,904
$JT,C,87,845118,845118,1877,1519,3090,2244,2631,1073,2153,1253,2945,1832,2823,903
$JT,C,88,845137,845138,1876,1525,3089,2243,2641,1085,2154,1242,2932,1827,2817,904
$JT,C,89,845157,845158,1874,1530,3089,2240,2651,1098,2155,1232,2920,1822,2811,904
$JT,C,90,845177,845177,1872,1535,3088,2239,2660,1112,2156,1223,2907,1819,2807,905
$JT,C,91,845197,845198,1871,1540,3087,2238,2667,1125,2157,1215,2895,1816,2802,906
$JT,C,92,845217,845218,1870,1545,3086,2237,2674,1138,2159,1207,2882,1813,2798,907
$JT,C,93,845237,845238,1869,1548,3085,2236,2680,1151,2160,1200,2871,1811,2794,909
$JT,C,94,845257,845258,1868,1551,3082,2236,2685,1163,2161,1196,2859,1809,2790,910
$JT,C,95,845277,845278,1866,1555,3081,2235,2689,1173,2162,1191,2850,1807,2786,913
$JT,P,96,12,512
$JT,C,96,845297,845298,1866,1558,3079,2235,2692,1182,2162,1188,2841,1805,2784,914
$JT,C,97,845317,845318,1865,1560,3077,2233,2695,1190,2163,1185,2833,1804,2781,916
$JT,C,98,845337,845338,1865,1563,3074,2233,2696,1197,2163,1183,2828,1803,2778,920
$JT,C,99,845356,845356,1865,1565,3071,2233,2697,1201,2163,1182,2823,1803,2776,922
$JT,C,100,845376,845376,1865,1568,3068,2233,2698,1205,2164,1181,2821,1803,2774,926
$JT,C,101,845396,845396,1865,1571,3063,2233,2698,1206,2164,1181,2818,1803,2770,931
$JT,C,102,845416,845416,1865,1574,3057,2233,2698,1207,2164,1180,2818,1803,2767,937
$JT,C,103,845436,845436,1866,1580,3045,2233,2698,1207,2164,1180,2817,1804,2761,948
$JT,C,104,845459,845459,1868,1597,3013,2236,2724,1172,2165,1155,2854,1808,2745,981
$JT,C,105,845476,845477,1868,1597,3013,2237,2731,1162,2165,1148,2864,1808,2745,981
$JT,C,106,845496,845496,1868,1597,3013,2238,2736,1155,2165,1143,2870,1808,2745,981
$JT,C,107,845516,845516,1865,1596,3014,2236,2738,1149,2169,1141,2878,1810,2745,981
$JT,P,108,12,512
$JT,C,108,845536,845536,1863,1595,3014,2233,2739,1142,2171,1139,2884,1812,2745,981
$JT,C,109,845556,845556,1861,1593,3015,2231,2739,1136,2173,1138,2892,1814,2747,981
$JT,C,110,845577,845578,1858,1591,3016,2230,2739,1126,2176,1138,2902,1816,2748,981
$JT,C,111,845597,845598,1857,1589,3017,2228,2738,1117,2177,1139,2912,1818,2750,981
$JT,C,112,845617,845618,1856,1587,3017,2227,2736,1106,2179,1140,2924,1819,2752,981
$JT,C,113,845637,845638,1854,1584,3019,2224,2732,1093,2180,1143,2937,1820,2754,981
$JT,C,114,845658,845658,1853,1581,3020,2223,2728,1081,2181,1148,2950,1822,2757,980
$JT,C,115,845677,845678,1850,1578,3021,2221,2722,1067,2184,1152,2964,1824,2760,980
$JT,C,116,845697,845698,1849,1573,3021,2220,2714,1054,2186,1159,2979,1826,2765,980
$JT,C,117,845717,845718,1848,1568,3022,2218,2706,1039,2187,1166,2994,1827,2768,980
$JT,C,118,845737,845738,1846,1564,3023,2215,2697,1025,2189,1174,3010,1829,2773,979
$JT,C,119,845758,845758,1844,1558,3024,2214,2687,1013,2192,1184,3023,1832,2778,979
$JT,P,120,12,512
$JT,C,120,845779,845780,1843,1552,3025,2212,2675,1000,2194,1193,3037,1833,2783,979
$JT,C,121,845799,845800,1840,1546,3027,2210,2664,989,2196,1205,3051,1835,2790,979
$JT,C,122,845818,845818,1838,1539,3027,2207,2651,978,2198,1217,3062,1837,2795,979
$JT,C,123,845839,845839,1836,1531,3028,2205,2638,969,2201,1230,3071,1839,2803,980
$JT,C,124,845857,845858,1833,1523,3028,2203,2624,961,2203,1242,3080,1842,2810,980
$JT,C,125,845878,845878,1831,1514,3028,2201,2610,956,2205,1255,3087,1844,2819,981
$JT,C,126,845897,845898,1829,1505,3028,2198,2597,950,2209,1267,3094,1846,2827,982
$JT,C,127,845917,845918,1827,1494,3027,2195,2583,947,2212,1280,3098,1850,2838,984
$JT,C,128,845938,845938,1823,1483,3025,2193,2571,944,2216,1292,3102,1853,2848,987
$JT,C,129,845958,845958,1820,1472,3024,2188,2558,943,2219,1304,3105,1857,2858,990
$JT,C,130,845977,845978,1816,1459,3021,2185,2547,942,2223,1314,3107,1860,2869,995
$JT,C,131,845997,845998,1812,1447,3017,2181,2535,942,2227,1324,3110,1865,2881,1000
$JT,P,132,12,512
$JT,C,132,846017,846018,1808,1433,3013,2177,2525,942,2231,1333,3111,1869,2893,1007
$JT,C,133,846037,846038,1804,1419,3007,2172,2516,943,2236,1342,3111,1872,2905,1015
$JT,C,134,846058,846058,1799,1407,3000,2168,2507,945,2241,1350,3112,1877,2916,1024
$JT,C,135,846079,846080,1796,1393,2992,2163,2498,947,2245,1358,3112,1882,2927,1035
$JT,C,136,846099,846100,1791,1381,2982,2158,2490,949,2250,1365,3111,1886,2938,1047
$JT,C,137,846117,846118,1787,1369,2972,2154,2483,951,2254,1372,3111,1891,2948,1061
$JT,C,138,846137,846138,1787,1359,2959,2154,2476,952,2254,1378,3110,1891,2958,1073
$JT,C,139,846157,846158,1787,1349,2947,2154,2470,955,2254,1383,3109,1891,2967,1087
$JT,C,140,846177,846177,1787,1340,2933,2154,2465,956,2254,1389,3107,1891,2976,1101
$JT,C,141,846197,846198,1787,1332,2921,2154,2460,957,2254,1394,3105,1891,2984,1113
$JT,C,142,846217,846218,1786,1325,2907,2154,2456,959,2254,1398,3104,1891,2991,1126
$JT,C,143,846237,846238,1786,1319,2895,2154,2452,960,2254,1403,3102,1891,2998,1138
$JT,P,144,12,512
$JT,C,144,846257,846258,1786,1315,2883,2154,2448,963,2254,1406,3101,1891,3003,1149
$JT,C,145,846277,846278,1786,1310,2873,2154,2444,965,2254,1410,3098,1891,3007,1160
$JT,C,146,846297,846298,1786,1307,2863,2154,2442,967,2254,1413,3096,1891,3009,1169
$JT,C,147,846317,846318,1786,1304,2856,2154,2439,969,2253,1416,3094,1891,3013,1176
$JT,C,148,846337,846338,1786,1303,2849,2154,2436,972,2253,1419,3090,1891,3014,1182
$JT,C,149,846356,846356,1785,1302,2845,2153,2434,975,2253,1421,3088,1891,3015,1186
$JT,C,150,846376,846376,1785,1301,2841,2153,2431,978,2253,1423,3084,1891,3016,1189
$JT,C,151,846396,846396,1785,1301,2840,2153,2428,983,2252,1427,3079,1891,3016,1192
$JT,C,152,846416,846416,1785,1301,2839,2153,2425,989,2252,1430,3073,1891,3017,1192
$JT,C,153,846436,846436,1785,1301,2839,2152,2419,1001,2251,1436,3062,1891,3017,1193
$JT,C,154,846459,846459,1782,1275,2874,2150,2402,1033,2247,1452,3029,1890,3042,1156
$JT,C,155,846476,846476,1781,1268,2884,2150,2402,1033,2247,1452,3029,1890,3049,1146
$JT,P,156,12,512
$JT,C,156,846496,846496,1780,1263,2891,2150,2402,1033,2247,1452,3029,1890,3054,1140
$JT,C,157,846516,846516,1782,1261,2897,2153,2403,1033,2246,1452,3029,1887,3056,1134
$JT,C,158,846536,846536,1785,1260,2904,2155,2404,1032,2244,1450,3029,1885,3058,1126
$JT,C,159,846556,846556,1786,1260,2910,2157,2406,1031,2242,1450,3029,1883,3059,1118
$JT,C,160,846577,846578,1788,1260,2920,2158,2408,1030,2239,1449,3029,1880,3059,1108
$JT,C,161,846597,846598,1789,1261,2929,2161,2409,1030,2238,1447,3029,1878,3058,1098
$JT,C,162,846617,846618,1791,1263,2940,2162,2412,1029,2236,1445,3029,1877,3056,1087
$JT,C,163,846637,846638,1792,1267,2953,2163,2415,1027,2235,1443,3030,1875,3054,1074
$JT,C,164,846657,846658,1795,1271,2965,2165,2418,1026,2234,1440,3030,1874,3049,1061
$JT,C,165,846677,846678,1796,1277,2979,2166,2421,1026,2231,1437,3030,1872,3045,1046
$JT,C,166,846697,846697,1798,1284,2992,2168,2426,1025,2230,1432,3030,1870,3038,1031
$JT,C,167,846717,846717,1799,1293,3007,2170,2431,1024,2228,1429,3030,1868,3031,1016
$JT,P,168,12,512
$JT,C,168,846737,846738,1802,1302,3021,2172,2435,1023,2227,1424,3031,1866,3023,1002
$JT,C,169,846757,846758,1804,1312,3033,2173,2441,1022,2225,1419,3031,1865,3013,987
$JT,C,170,846779,846780,1806,1324,3046,2175,2447,1021,2222,1414,3031,1862,3003,973
$JT,C,171,846799,846800,1807,1335,3058,2178,2453,1021,2220,1407,3031,1860,2992,961
$JT,C,172,846818,846818,1810,1348,3069,2179,2460,1019,2219,1402,3031,1858,2980,949
$JT,C,173,846839,846839,1812,1361,3077,2181,2467,1019,2217,1394,3030,1855,2967,939
$JT,C,174,846857,846858,1814,1375,3085,2183,2476,1018,2214,1387,3030,1852,2955,930
$JT,C,175,846877,846878,1816,1389,3090,2186,2484,1018,2211,1378,3029,1850,2942,923
$JT,C,176,846897,846898,1820,1402,3096,2188,2494,1018,2209,1369,3028,1846,2930,916
$JT,C,177,846917,846918,1822,1415,3099,2191,2505,1019,2206,1359,3026,1844,2917,912
$JT,C,178,846937,846938,1825,1428,3102,2195,2516,1021,2203,1349,3023,1841,2905,908
$JT,C,179,846957,846958,1829,1441,3103,2198,2527,1022,2200,1338,3020,1836,2893,905
$JT,P,180,12,512
$JT,C,180,846977,846978,1832,1452,3104,2202,2540,1025,2195,1328,3015,1833,2883,903
$JT,C,181,846998,846998,1837,1464,3104,2205,2552,1029,2192,1315,3010,1828,2873,900
$JT,C,182,847017,847018,1841,1474,3104,2210,2566,1033,2187,1304,3003,1824,2863,899
$JT,C,183,847037,847038,1846,1483,3103,2213,2580,1039,2183,1292,2995,1819,2855,899
$JT,C,184,847058,847058,1850,1492,3101,2218,2592,1046,2178,1281,2986,1814,2847,898
$JT,C,185,847079,847080,1855,1501,3099,2222,2606,1055,2173,1270,2975,1810,2839,898
$JT,C,186,847099,847100,1860,1509,3097,2227,2617,1064,2169,1258,2963,1805,2832,899
$JT,C,187,847117,847118,1863,1516,3095,2230,2630,1074,2164,1249,2949,1801,2825,899
$JT,C,188,847137,847138,1864,1523,3094,2231,2640,1087,2164,1239,2937,1801,2819,900
$JT,C,189,847157,847158,1864,1529,3091,2231,2650,1099,2164,1230,2923,1801,2814,901
$JT,C,190,847177,847178,1864,1534,3090,2231,2659,1113,2164,1221,2909,1801,2808,903
$JT,C,191,847197,847198,1864,1539,3089,2231,2667,1125,2164,1213,2897,1801,2803,905
$JT,P,192,12,512
$JT,C,192,847217,847218,1864,1543,3087,2232,2674,1139,2164,1206,2884,1801,2799,906
$JT,C,193,847237,847238,1864,1547,3086,2232,2680,1151,2164,1199,2872,1801,2794,908
$JT,C,194,847257,847258,1864,1551,3083,2232,2684,1163,2164,1194,2861,1801,2791,909
$JT,C,195,847277,847278,1864,1555,3081,2232,2689,1173,2164,1190,2850,1801,2787,912
$JT,C,196,847297,847298,1864,1557,3079,2232,2692,1183,2164,1188,2841,1801,2784,914
$JT,C,197,847317,847318,1864,1560,3077,2232,2695,1190,2164,1184,2834,1802,2781,916
$JT,C,198,847337,847338,1864,1563,3074,2232,2696,1197,2164,1183,2828,1802,2778,920
$JT,C,199,847356,847356,1865,1565,3071,2233,2697,1201,2164,1182,2824,1802,2776,922
$JT,C,200,847376,847376,1865,1568,3068,2233,2698,1205,2164,1181,2821,1802,2774,926
$JT,C,201,847396,847396,1865,1571,3063,2233,2698,1206,2164,1181,2818,1803,2770,931
$JT,C,202,847416,847416,1865,1574,3057,2233,2698,1207,2164,1180,2818,1803,2767,937
$JT,C,203,847436,847436,1866,1580,3045,2233,2698,1207,2164,1180,2817,1804,2761,948
$JT,P,204,12,512
$JT,C,204,847459,847459,1868,1597,3013,2236,2724,1172,2165,1155,2854,1808,2745,981
$JT,C,205,847476,847476,1868,1597,3013,2237,2731,1162,2165,1148,2864,1808,2745,981
$JT,C,206,847496,847496,1868,1597,3013,2238,2736,1155,2165,1143,2870,1808,2745,981
$JT,C,207,847516,847516,1865,1596,3014,2236,2738,1149,2169,1141,2878,1810,2745,981
$JT,C,208,847536,847536,1863,1595,3014,2233,2739,1142,2171,1139,2884,1812,2745,981
$JT,C,209,847556,847556,1861,1593,3015,2231,2739,1136,2173,1138,2892,1814,2747,981
$JT,C,210,847577,847578,1858,1591,3016,2230,2739,1126,2176,1138,2902,1816,2748,981
$JT,C,211,847597,847598,1857,1589,3017,2228,2738,1117,2177,1139,2912,1818,2750,981
$JT,C,212,847617,847618,1856,1587,3017,2227,2736,1106,2179,1140,2924,1819,2752,981
$JT,C,213,847637,847638,1854,1584,3019,2224,2732,1093,2180,1143,2937,1820,2754,981
$JT,C,214,847657,847658,1853,1581,3020,2223,2728,1081,2181,1148,2950,1822,2757,980
$JT,C,215,847677,847678,1850,1578,3021,2221,2722,1067,2184,1152,2964,1824,2760,980
$JT,P,216,12,512
$JT,C,216,847697,847698,1849,1573,3021,2220,2714,1054,2186,1159,2979,1826,2765,980
$JT,C,217,847717,847718,1848,1568,3022,2218,2706,1039,2187,1166,2994,1827,2768,980
$JT,C,218,847737,847738,1846,1564,3023,2215,2697,1025,2189,1174,3010,1829,2773,979
$JT,C,219,847758,847758,1844,1558,3024,2214,2687,1013,2192,1184,3023,1832,2778,979
$JT,C,220,847779,847780,1843,1552,3025,2212,2675,1000,2194,1193,3037,1833,2783,979
$JT,C,221,847799,847800,1840,1546,3027,2210,2664,989,2196,1205,3051,1835,2790,979
$JT,C,222,847818,847818,1838,1539,3027,2207,2651,978,2198,1217,3062,1837,2795,979
$JT,C,223,847839,847839,1836,1531,3028,2205,2638,969,2201,1230,3071,1839,2803,980
$JT,C,224,847857,847858,1833,1523,3028,2203,2624,961,2203,1242,3080,1842,2810,980
$JT,C,225,847877,847878,1831,1514,3028,2201,2610,956,2205,1255,3087,1844,2819,981
$JT,C,226,847897,847898,1829,1505,3028,2198,2597,950,2209,1267,3094,1846,2827,982
$JT,C,227,847917,847918,1827,1494,3027,2195,2583,947,2212,1280,3098,1850,2838,984
$JT,P,228,12,512
$JT,C,228,847938,847938,1823,1483,3025,2193,2571,944,2216,1292,3102,1853,2848,987
$JT,C,229,847958,847958,1820,1472,3024,2188,2558,943,2219,1304,3105,1857,2858,990
$JT,C,230,847977,847978,1816,1459,3021,2185,2547,942,2223,1314,3107,1860,2869,995
$JT,C,231,847997,847998,1812,1447,3017,2181,2535,942,2227,1324,3110,1865,2881,1000
$JT,C,232,848017,848018,1808,1433,3013,2177,2525,942,2231,1333,3111,1869,2893,1007
$JT,C,233,848037,848038,1804,1419,3007,2172,2516,943,2236,1342,3111,1872,2905,1015
$JT,C,234,848057,848058,1799,1407,3000,2168,2507,945,2241,1350,3112,1877,2916,1024
$JT,C,235,848079,848080,1796,1393,2992,2163,2498,947,2245,1358,3112,1882,2927,1035
$JT,C,236,848099,848100,1791,1381,2982,2158,2490,949,2250,1365,3111,1886,2938,1047
$JT,C,237,848117,848118,1787,1369,2972,2154,2483,951,2254,1372,3111,1891,2948,1061
$JT,C,238,848137,848138,1787,1359,2959,2154,2476,952,2254,1378,3110,1891,2958,1073
$JT,C,239,848157,848158,1787,1349,2947,2154,2470,955,2254,1383,3109,1891,2967,1087
$JT,P,240,12,512
$JT,C,240,848177,848177,1787,1340,2933,2154,2466,956,2254,1389,3107,1891,2976,1101
$JT,C,241,848197,848198,1787,1332,2921,2154,2460,957,2254,1394,3105,1891,2984,1113
$JT,C,242,848217,848218,1786,1325,2907,2154,2456,959,2254,1398,3104,1891,2991,1126
$JT,C,243,848237,848238,1786,1319,2895,2154,2452,960,2254,1403,3102,1891,2998,1138
$JT,C,244,848257,848258,1786,1315,2883,2154,2448,963,2254,1406,3101,1891,3003,1149
$JT,C,245,848277,848278,1786,1310,2873,2154,2444,965,2254,1410,3098,1891,3007,1160
$JT,C,246,848298,848298,1786,1307,2863,2154,2442,967,2254,1413,3096,1891,3009,1169
$JT,C,247,848317,848318,1786,1304,2856,2154,2439,969,2253,1416,3094,1891,3013,1176
$JT,C,248,848337,848338,1786,1303,2849,2154,2436,972,2253,1419,3090,1891,3014,1182
$JT,C,249,848356,848356,1785,1302,2845,2153,2434,975,2253,1421,3088,1891,3015,1186
$JT,C,250,848376,848376,1785,1301,2841,2153,2431,978,2253,1423,3084,1891,3016,1189
$JT,C,251,848396,848396,1785,1301,2840,2153,2428,983,2252,1427,3079,1891,3016,1192
$JT,P,252,12,512
$JT,C,252,848416,848416,1785,1301,2839,2153,2425,989,2252,1430,3073,1891,3017,1192
$JT,C,253,848436,848436,1785,1301,2839,2152,2419,1001,2251,1436,3062,1891,3017,1193
$JT,C,254,848459,848459,1782,1275,2874,2150,2402,1033,2247,1452,3029,1890,3042,1156
$JT,C,255,848476,848476,1781,1268,2884,2150,2402,1033,2247,1452,3029,1890,3049,1146
$JT,S,843376,843378,0,6,0,2108,0,40,1,11300,31,0
$JT,S,843399,843401,1,7,0,1421,0,16,0,11300,28,0
$JT,S,843418,843420,2,8,0,2990,0,0,0,11300,34,0
$JT,S,843439,843441,3,9,0,1946,0,-48,0,11300,32,0
$JT,S,843456,843458,4,10,0,2776,0,-16,0,11300,30,0
$JT,S,843476,843478,5,11,0,1021,0,0,0,11300,32,0
$JT,S,843496,843498,6,0,0,1923,0,-56,2,11200,31,0
$JT,S,843516,843518,7,1,0,1556,0,16,1,11300,30,0
$JT,P,264,12,512
$JT,S,843536,843538,8,2,0,2991,0,24,1,11400,32,0
$JT,S,843556,843558,9,3,0,2094,0,20,0,11400,32,0
$JT,S,843576,843578,10,4,0,2477,200,-56,3,11300,29,0
$JT,S,843596,843598,11,5,0,1021,-300,112,2,11400,31,0
$JT,S,843616,843618,12,6,0,2108,0,40,1,11300,31,0
$JT,S,843636,843638,13,7,0,1374,-200,60,2,11300,28,0
$JT,S,843656,843658,14,8,0,3040,300,-96,1,11300,34,0
$JT,S,843676,843678,15,9,0,1946,0,-48,1,11300,32,0
$JT,S,843696,843698,16,10,0,2774,-50,0,0,11300,30,0
$JT,S,843716,843718,17,11,0,1021,0,0,0,11300,32,0
$JT,S,843736,843738,18,0,0,1923,0,-56,1,11200,31,0
$JT,S,843756,843758,19,1,0,1559,50,0,0,11300,30,0
$JT,P,276,12,512
$JT,S,843776,843778,20,2,0,2991,0,24,1,11400,32,0
$JT,S,843796,843798,21,3,0,2116,200,-84,1,11400,32,0
$JT,S,843816,843818,22,4,0,2540,300,-64,3,11300,29,0
$JT,S,843836,843838,23,5,0,969,-150,68,0,11400,31,0
$JT,S,843856,843858,24,6,0,2108,0,40,1,11200,31,0
$JT,S,843876,843878,25,7,0,1319,-100,24,0,11300,28,0
$JT,S,843898,843900,26,8,0,3058,0,-40,1,11300,34,0
$JT,S,843918,843920,27,9,0,1946,0,-48,2,11300,32,0
$JT,S,843938,843940,28,10,0,2785,200,-44,3,11300,30,0
$JT,S,843958,843960,29,11,0,1021,0,-36,0,11300,32,0
$JT,S,843978,843980,30,0,0,1923,0,-56,2,11200,31,0
$JT,S,843998,844000,31,1,0,1531,-300,60,4,11300,30,0
$JT,P,288,12,512
$JT,S,844018,844020,32,2,0,2988,-100,56,1,11400,32,0
$JT,S,844038,844040,33,3,0,2181,300,-108,0,11400,32,0
$JT,S,844058,844060,34,4,0,2538,-250,48,2,11300,29,0
$JT,S,844079,844081,35,5,0,937,-100,36,0,11400,31,0
$JT,S,844098,844100,36,6,0,2108,0,40,0,11300,31,0
$JT,S,844119,844121,37,7,0,1368,300,-52,0,11300,28,0
$JT,S,844139,844141,38,8,0,3065,0,20,0,11300,34,0
$JT,S,844158,844160,39,9,0,1946,0,-48,1,11300,32,0
$JT,S,844177,844179,40,10,0,2853,300,-72,4,11300,30,0
$JT,S,844197,844199,41,11,0,1060,300,-112,2,11300,32,0
$JT,S,844217,844219,42,0,0,1923,0,-56,2,11200,31,0
$JT,S,844238,844240,43,1,0,1460,-300,68,6,11300,30,0
$JT,P,300,12,512
$JT,S,844258,844260,44,2,0,2932,-300,112,2,11400,32,0
$JT,S,844278,844280,45,3,0,2253,300,-120,1,11400,32,0
$JT,S,844296,844298,46,4,0,2468,-300,40,0,11300,29,0
$JT,S,844318,844320,47,5,0,940,100,-76,1,11400,31,0
$JT,S,844338,844340,48,6,0,2108,0,40,0,11200,31,0
$JT,S,844356,844358,49,7,0,1434,200,-32,2,11300,28,0
$JT,S,844376,844378,50,8,0,3050,-100,64,1,11300,34,0
$JT,S,844396,844398,51,9,0,1946,0,-48,1,11300,32,0
$JT,S,844416,844418,52,10,0,2924,300,-72,3,11200,30,0
$JT,S,844436,844438,53,11,0,1131,350,-112,1,11300,37,0
$JT,S,844459,844461,54,0,0,1923,0,-56,1,11200,31,0
$JT,S,844476,844478,55,1,0,1390,-300,84,4,11300,30,0
$JT,P,312,12,512
$JT,S,844496,844498,56,2,0,2861,-250,112,2,11400,32,0
$JT,S,844516,844518,57,3,0,2292,0,-24,1,11300,32,0
$JT,S,844536,844538,58,4,0,2419,-250,32,0,11300,29,0
$JT,S,844556,844558,59,5,0,985,200,-136,2,11400,31,0
$JT,S,844578,844580,60,6,0,2108,0,28,0,11300,31,0
$JT,S,844596,844598,61,7,0,1477,200,16,1,11300,28,0
$JT,S,844618,844620,62,8,0,2995,-250,64,0,11300,34,0
$JT,S,844638,844640,63,9,0,1946,0,-24,0,11300,32,0
$JT,S,844657,844659,64,10,0,2996,300,-72,4,11300,56,0
$JT,S,844677,844679,65,11,0,1163,-250,124,3,11300,32,0
$JT,S,844697,844699,66,0,0,1923,0,56,1,11200,31,0
$JT,S,844717,844719,67,1,0,1318,-300,52,5,11300,30,0
$JT,P,324,12,512
$JT,S,844738,844740,68,2,0,2865,300,-124,3,11400,32,0
$JT,S,844758,844760,69,3,0,2283,-100,64,2,11400,32,0
$JT,S,844779,844781,70,4,0,2434,200,-48,2,11300,29,0
$JT,S,844800,844802,71,5,0,1012,0,28,0,11400,31,0
$JT,S,844818,844820,72,6,0,2122,100,-68,1,11300,31,0
$JT,S,844839,844841,73,7,0,1436,-250,64,4,11300,28,0
$JT,S,844858,844860,74,8,0,2999,100,-44,1,11300,34,0
$JT,S,844878,844880,75,9,0,1929,-150,68,0,11300,32,0
$JT,S,844898,844900,76,10,0,3001,-300,48,1,11300,30,0
$JT,S,844918,844920,77,11,0,1093,-300,132,2,11300,32,0
$JT,S,844938,844940,78,0,0,1890,-150,68,0,11200,31,0
$JT,S,844958,844960,79,1,0,1349,300,-40,1,11300,30,0
$JT,P,336,12,512
$JT,S,844978,844980,80,2,0,2937,300,-120,5,11400,32,0
$JT,S,844998,845000,81,3,0,2250,-150,72,1,11400,32,0
$JT,S,845018,845020,82,4,0,2499,300,-72,3,11300,29,0
$JT,S,845038,845040,83,5,0,1015,100,-84,2,11400,31,0
$JT,S,845058,845060,84,6,0,2155,50,24,0,11300,31,0
$JT,S,845080,845082,85,7,0,1365,-300,76,4,11300,28,0
$JT,S,845100,845102,86,8,0,2992,-200,96,2,11300,34,0
$JT,S,845118,845120,87,9,0,1871,-300,104,0,11300,32,0
$JT,S,845138,845140,88,10,0,2929,-300,48,1,11300,30,0
$JT,S,845158,845160,89,11,0,1022,-300,128,3,11300,32,0
$JT,S,845177,845179,90,0,0,1874,0,20,0,11200,31,0
$JT,S,845198,845200,91,1,0,1420,300,-48,2,11300,30,0
$JT,P,348,12,512
$JT,S,845218,845220,92,2,0,3008,250,-132,7,11400,32,0
$JT,S,845238,845240,93,3,0,2244,0,68,2,11400,32,0
$JT,S,845258,845260,94,4,0,2571,300,-76,3,11300,29,0
$JT,S,845278,845280,95,5,0,1079,250,-116,1,11400,31,0
$JT,S,845298,845300,96,6,0,2159,100,-24,0,11300,31,0
$JT,S,845318,845320,97,7,0,1294,-250,76,3,11300,28,0
$JT,S,845338,845340,98,8,0,2923,-300,104,1,11300,34,0
$JT,S,845356,845358,99,9,0,1808,-200,40,0,11300,32,0
$JT,S,845376,845378,100,10,0,2859,-300,60,1,11300,30,0
$JT,S,845396,845398,101,11,0,951,-300,120,2,11300,32,0
$JT,S,845417,845419,102,0,0,1866,0,0,0,11200,31,0
$JT,S,845437,845439,103,1,0,1491,300,-48,2,11300,30,0
$JT,P,360,12,512
$JT,S,845459,845461,104,2,0,3069,150,32,0,10300,34,0
$JT,S,845477,845479,105,3,0,2238,0,40,1,11400,32,0
$JT,S,845496,845498,106,4,0,2642,300,-72,4,11300,29,0
$JT,S,845516,845518,107,5,0,1150,300,-80,1,11400,31,0
$JT,S,845536,845538,108,6,0,2163,0,-32,0,11200,31,0
$JT,S,845556,845558,109,7,0,1224,-300,72,5,11300,28,0
$JT,S,845578,845580,110,8,0,2859,-150,0,0,11300,34,0
$JT,S,845598,845600,111,9,0,1806,0,-84,2,11300,32,0
$JT,S,845618,845620,112,10,0,2787,-300,60,2,11300,30,0
$JT,S,845638,845640,113,11,0,954,300,-104,1,11300,32,0
$JT,S,845658,845660,114,0,0,1858,-100,36,0,11200,31,0
$JT,S,845678,845680,115,1,0,1562,300,-60,2,11300,30,0
$JT,P,372,12,512
$JT,S,845698,845700,116,2,0,3021,-150,24,0,11400,32,0
$JT,S,845718,845720,117,3,0,2226,-150,56,2,11400,32,0
$JT,S,845738,845740,118,4,0,2712,250,-48,2,11300,29,0
$JT,S,845758,845760,119,5,0,1130,-250,120,2,11400,31,0
$JT,S,845780,845782,120,6,0,2186,100,-40,0,11300,31,0
$JT,S,845800,845802,121,7,0,1162,-100,16,0,11300,28,0
$JT,S,845818,845820,122,8,0,2908,250,-120,1,11300,34,0
$JT,S,845840,845842,123,9,0,1828,100,-72,2,11300,32,0
$JT,S,845858,845860,124,10,0,2770,250,-64,3,11300,30,0
$JT,S,845878,845880,125,11,0,977,0,-36,0,11300,32,0
$JT,S,845898,845900,126,0,0,1837,-100,44,0,11200,31,0
$JT,S,845918,845920,127,1,0,1551,-300,72,4,11300,30,0
$JT,P,384,12,512
$JT,S,845938,845940,128,2,0,3025,0,20,0,11400,32,0
$JT,S,845958,845960,129,3,0,2203,-100,84,2,11400,32,0
$JT,S,845978,845980,130,4,0,2674,-300,36,2,11300,29,0
$JT,S,845998,846000,131,5,0,1059,-300,120,2,11400,31,0
$JT,S,846018,846020,132,6,0,2214,150,-76,1,11300,31,0
$JT,S,846038,846040,133,7,0,1219,300,-36,2,11300,28,0
$JT,S,846058,846060,134,8,0,2980,300,-112,2,11300,34,0
$JT,S,846080,846082,135,9,0,1860,200,-100,2,11300,32,0
$JT,S,846100,846102,136,10,0,2842,300,-60,4,11300,30,0
$JT,S,846118,846120,137,11,0,1009,250,-108,1,11300,32,0
$JT,S,846138,846140,138,0,0,1801,-200,80,1,11200,31,0
$JT,S,846158,846160,139,1,0,1479,-300,76,3,11300,30,0
$JT,P,396,12,512
$JT,S,846178,846180,140,2,0,2992,-300,112,4,11400,33,0
$JT,S,846198,846200,141,3,0,2161,-150,52,1,11400,32,0
$JT,S,846218,846220,142,4,0,2604,-250,48,1,11300,29,0
$JT,S,846238,846240,143,5,0,988,-300,128,3,11400,31,0
$JT,S,846258,846260,144,6,0,2252,0,-24,0,11200,31,0
$JT,S,846278,846280,145,7,0,1290,250,-48,2,11300,28,0
$JT,S,846298,846300,146,8,0,3051,300,-124,3,11300,41,0
$JT,S,846318,846320,147,9,0,1886,0,-48,1,11300,32,0
$JT,S,846338,846340,148,10,0,2913,300,-72,4,11300,30,0
$JT,S,846356,846358,149,11,0,1079,300,-116,2,11300,32,0
$JT,S,846376,846378,150,0,0,1787,0,28,0,11200,31,0
$JT,S,846396,846398,151,1,0,1408,-250,60,4,11300,30,0
$JT,P,408,12,512
$JT,S,846416,846418,152,2,0,2921,-300,108,4,11400,32,0
$JT,S,846436,846438,153,3,0,2158,0,56,1,11300,32,0
$JT,S,846459,846461,154,4,0,2531,-300,36,1,11300,29,0
$JT,S,846476,846478,155,5,0,978,250,-120,2,11400,31,0
$JT,S,846496,846498,156,6,0,2252,0,56,2,11300,31,0
$JT,S,846516,846518,157,7,0,1361,300,-48,2,11300,28,0
$JT,S,846536,846538,158,8,0,3080,-100,128,3,11300,34,0
$JT,S,846557,846559,159,9,0,1886,0,24,0,11300,32,0
$JT,S,846578,846580,160,10,0,2984,300,-72,4,11300,30,0
$JT,S,846598,846600,161,11,0,1142,100,28,0,11300,32,0
$JT,S,846618,846620,162,0,0,1782,0,-64,1,11200,31,0
$JT,S,846638,846640,163,1,0,1337,-250,72,4,11300,30,0
$JT,P,420,12,512
$JT,S,846658,846660,164,2,0,2883,50,-120,4,11400,32,0
$JT,S,846678,846680,165,3,0,2160,150,-32,1,11300,32,0
$JT,S,846698,846700,166,4,0,2460,-300,48,1,11300,29,0
$JT,S,846718,846720,167,5,0,1027,0,28,0,11400,31,0
$JT,S,846738,846740,168,6,0,2236,-100,72,2,11300,31,0
$JT,S,846758,846760,169,7,0,1430,200,-24,1,11300,28,0
$JT,S,846780,846782,170,8,0,3031,-50,-20,0,11300,34,0
$JT,S,846800,846802,171,9,0,1867,-150,36,0,11300,32,0
$JT,S,846818,846820,172,10,0,3040,100,8,0,11300,30,0
$JT,S,846839,846841,173,11,0,1091,-300,116,2,11300,32,0
$JT,S,846858,846860,174,0,0,1802,100,-72,2,11200,31,0
$JT,S,846878,846880,175,1,0,1298,100,-32,2,11300,30,0
$JT,P,432,12,512
$JT,S,846898,846900,176,2,0,2953,300,-120,2,11400,32,0
$JT,S,846918,846920,177,3,0,2181,100,-56,1,11400,32,0
$JT,S,846938,846940,178,4,0,2449,300,-76,3,11300,29,0
$JT,S,846958,846960,179,5,0,1021,0,-20,0,11400,31,0
$JT,S,846978,846980,180,6,0,2212,-100,88,2,11300,31,0
$JT,S,846998,847000,181,7,0,1389,-300,60,4,11300,28,0
$JT,S,847018,847020,182,8,0,3021,-150,56,1,11300,34,0
$JT,S,847038,847040,183,9,0,1836,-150,68,2,11300,32,0
$JT,S,847058,847060,184,10,0,2976,-300,36,0,11300,30,0
$JT,S,847080,847082,185,11,0,1019,-300,120,2,11300,32,0
$JT,S,847100,847102,186,0,0,1836,200,-104,2,11200,31,0
$JT,S,847118,847120,187,1,0,1368,250,-48,2,11300,30,0
$JT,P,444,12,512
$JT,S,847138,847140,188,2,0,3024,300,-120,3,11400,32,0
$JT,S,847158,847160,189,3,0,2220,200,-72,1,11400,32,0
$JT,S,847178,847180,190,4,0,2521,250,-64,2,11300,29,0
$JT,S,847198,847200,191,5,0,1059,250,-116,1,11400,31,0
$JT,S,847218,847220,192,6,0,2169,-150,36,0,11300,31,0
$JT,S,847238,847240,193,7,0,1318,-350,76,3,11300,28,0
$JT,S,847258,847260,194,8,0,2958,-300,104,2,11300,34,0
$JT,S,847278,847280,195,9,0,1803,0,24,0,11300,32,0
$JT,S,847298,847300,196,10,0,2905,-300,48,1,11300,30,0
$JT,S,847318,847320,197,11,0,949,-250,128,2,11300,32,0
$JT,S,847338,847340,198,0,0,1859,0,-48,1,11200,31,0
$JT,S,847356,847358,199,1,0,1438,250,-48,2,11300,30,0
$JT,P,456,12,512
$JT,S,847376,847378,200,2,0,3080,0,28,0,11400,32,0
$JT,S,847396,847398,201,3,0,2230,0,-36,0,11400,32,0
$JT,S,847417,847419,202,4,0,2592,300,-72,4,11300,29,0
$JT,S,847437,847439,203,5,0,1130,300,-112,2,11400,31,0
$JT,S,847459,847461,204,6,0,2169,0,48,1,11200,31,0
$JT,S,847476,847478,205,7,0,1248,-300,72,4,11300,28,0
$JT,S,847496,847498,206,8,0,2888,-300,112,2,11300,34,0
$JT,S,847516,847518,207,9,0,1803,0,-52,1,11300,32,0
$JT,S,847536,847538,208,10,0,2834,-300,48,2,11300,30,0
$JT,S,847556,847558,209,11,0,934,300,-112,0,11300,32,0
$JT,S,847578,847580,210,0,0,1862,-50,24,0,11200,31,0
$JT,S,847598,847600,211,1,0,1510,300,-48,2,11300,30,0
$JT,P,468,12,512
$JT,S,847618,847620,212,2,0,3026,-250,76,2,11400,32,0
$JT,S,847638,847640,213,3,0,2233,0,64,2,11300,32,0
$JT,S,847658,847660,214,4,0,2664,250,-72,4,11300,29,0
$JT,S,847678,847680,215,5,0,1158,-200,132,2,11400,31,0
$JT,S,847698,847700,216,6,0,2178,100,-40,1,11200,31,0
$JT,S,847718,847720,217,7,0,1176,-300,76,3,11300,28,0
$JT,S,847738,847740,218,8,0,2891,250,-112,2,11300,34,0
$JT,S,847758,847760,219,9,0,1821,100,-64,2,11300,32,0
$JT,S,847780,847782,220,10,0,2767,-200,16,0,11300,30,0
$JT,S,847800,847802,221,11,0,978,0,0,0,11300,32,0
$JT,S,847818,847820,222,0,0,1844,-100,28,1,11200,31,0
$JT,S,847840,847842,223,1,0,1568,50,32,1,11300,30,0
$JT,P,480,12,512
$JT,S,847858,847860,224,2,0,3023,50,-44,0,11400,32,0
$JT,S,847878,847880,225,3,0,2212,-50,76,2,11300,32,0
$JT,S,847898,847900,226,4,0,2692,-200,44,0,11300,29,0
$JT,S,847918,847920,227,5,0,1087,-300,120,2,11400,31,0
$JT,S,847938,847940,228,6,0,2203,100,-60,0,11300,31,0
$JT,S,847958,847960,229,7,0,1195,300,-40,1,11300,28,0
$JT,S,847978,847980,230,8,0,2962,300,-124,2,11300,34,0
$JT,S,847998,848000,231,9,0,1846,100,-92,2,11300,32,0
$JT,S,848018,848020,232,10,0,2815,350,-76,3,11300,30,0
$JT,S,848038,848040,233,11,0,990,150,-88,1,11300,32,0
$JT,S,848058,848060,234,0,0,1816,-200,76,1,11200,31,0
$JT,S,848080,848082,235,1,0,1505,-300,72,4,11300,30,0
$JT,P,492,12,512
$JT,S,848100,848102,236,2,0,3013,-150,92,2,11400,32,0
$JT,S,848118,848120,237,3,0,2176,-200,96,2,11300,32,0
$JT,S,848138,848140,238,4,0,2621,-300,40,0,11300,29,0
$JT,S,848158,848160,239,5,0,1014,-300,112,2,11400,31,0
$JT,S,848178,848180,240,6,0,2247,250,-44,0,11200,31,0
$JT,S,848198,848200,241,7,0,1266,300,-48,2,11300,28,0
$JT,S,848218,848220,242,8,0,3034,300,-112,2,11300,34,0
$JT,S,848238,848240,243,9,0,1886,50,-40,0,11300,32,0
$JT,S,848258,848260,244,10,0,2887,300,-60,3,11200,30,0
$JT,S,848278,848280,245,11,0,1056,250,-112,1,11300,32,0
$JT,S,848298,848300,246,0,0,1787,-50,-20,0,11200,31,0
$JT,S,848318,848320,247,1,0,1435,-300,72,4,11300,30,0
$JT,P,504,8,512
$JT,S,848338,848340,248,2,0,2945,-350,112,5,11400,32,0
$JT,S,848356,848358,249,3,0,2158,0,48,1,11400,32,0
$JT,S,848376,848378,250,4,0,2551,-300,48,1,11300,29,0
$JT,S,848396,848398,251,5,0,964,0,-52,1,11400,31,0
$JT,S,848416,848418,252,6,0,2252,0,0,0,11200,31,0
$JT,S,848436,848438,253,7,0,1337,300,-48,2,11300,28,0
$JT,S,848459,848461,254,8,0,3089,0,32,0,11300,34,0
$JT,S,848476,848478,255,9,0,1886,0,-36,1,11300,32,0
$JT,END
