$JT,M,1,256,256,0,1,18,3400,254
$JT,R,s-native-v6-2-2-v64
$JT,J,0,1,1929,-1
$JT,J,1,2,2077,-1
$JT,J,2,3,1965,1
$JT,J,3,4,2089,1
$JT,J,4,5,1922,1
$JT,J,5,6,2081,-1
$JT,J,6,7,2104,-1
$JT,J,7,8,1942,-1
$JT,J,8,9,1964,1
$JT,J,9,10,1951,1
$JT,J,10,11,2255,1
$JT,J,11,12,2046,-1
$JT,P,0,12,512
$JT,C,0,100563,100564,1929,1554,2989,2089,2445,1057,2104,1419,2988,1951,2778,1022
$JT,C,1,100587,100587,1929,1554,2989,2089,2462,1027,2104,1403,3018,1951,2778,1022
$JT,C,2,100607,100607,1929,1554,2989,2092,2475,1004,2104,1390,3040,1951,2778,1022
$JT,C,3,100627,100627,1929,1554,2989,2098,2487,982,2104,1380,3057,1951,2778,1022
$JT,C,4,100644,100644,1929,1554,2989,2109,2492,973,2104,1378,3062,1951,2778,1022
$JT,C,5,100664,100664,1929,1554,2989,2124,2499,963,2104,1375,3065,1951,2778,1022
$JT,C,6,100684,100684,1929,1554,2989,2145,2505,953,2104,1374,3068,1951,2778,1022
$JT,C,7,100704,100704,1929,1554,2989,2168,2509,944,2104,1373,3069,1951,2778,1022
$JT,C,8,100724,100724,1929,1552,2989,2191,2513,938,2104,1373,3069,1951,2780,1022
$JT,C,9,100744,100744,1929,1551,2989,2216,2515,934,2104,1374,3069,1951,2781,1022
$JT,C,10,100764,100764,1929,1548,2989,2240,2515,933,2104,1375,3067,1951,2784,1022
$JT,C,11,100784,100784,1929,1543,2989,2260,2514,934,2104,1378,3064,1951,2789,1022
$JT,P,12,12,512
$JT,C,12,100805,100806,1929,1538,2989,2276,2510,938,2104,1381,3061,1951,2794,1022
$JT,C,13,100825,100826,1929,1530,2988,2287,2506,943,2104,1386,3056,1951,2802,1023
$JT,C,14,100845,100846,1929,1521,2987,2293,2499,952,2104,1391,3048,1951,2811,1024
$JT,C,15,100865,100866,1929,1513,2986,2294,2487,968,2104,1402,3031,1951,2819,1025
$JT,C,16,100887,100887,1929,1475,3035,2294,2462,1013,2104,1427,2988,1951,2857,976
$JT,C,17,100905,100906,1928,1459,3046,2293,2461,1011,2105,1428,2989,1950,2873,965
$JT,C,18,100925,100926,1923,1449,3054,2288,2461,1011,2110,1427,2991,1946,2883,957
$JT,C,19,100944,100944,1915,1446,3063,2280,2464,1010,2117,1423,2995,1940,2886,949
$JT,C,20,100965,100966,1904,1449,3073,2270,2468,1010,2128,1416,3001,1929,2882,939
$JT,C,21,100985,100986,1891,1458,3083,2257,2477,1009,2140,1404,3006,1915,2873,929
$JT,C,22,101005,101006,1878,1472,3091,2245,2492,1010,2153,1386,3011,1898,2860,918
$JT,C,23,101027,101027,1866,1486,3096,2235,2517,1014,2163,1358,3012,1878,2848,912
$JT,P,24,12,512
$JT,C,24,101047,101047,1861,1501,3097,2229,2552,1024,2168,1323,3004,1854,2835,906
$JT,C,25,101067,101067,1855,1514,3095,2223,2588,1042,2173,1287,2988,1837,2824,906
$JT,C,26,101087,101088,1850,1525,3090,2218,2617,1065,2178,1256,2965,1826,2813,910
$JT,C,27,101107,101107,1849,1537,3082,2216,2637,1087,2179,1237,2945,1820,2801,917
$JT,C,28,101125,101126,1850,1549,3065,2216,2647,1099,2178,1227,2931,1818,2790,934
$JT,C,29,101147,101147,1854,1575,3020,2222,2688,1058,2179,1188,2972,1820,2764,979
$JT,C,30,101165,101166,1849,1574,3021,2219,2697,1047,2185,1176,2986,1825,2764,980
$JT,C,31,101187,101187,1846,1568,3023,2215,2690,1025,2188,1181,3008,1828,2768,980
$JT,C,32,101207,101208,1841,1557,3025,2212,2667,994,2194,1201,3043,1833,2778,980
$JT,C,33,101227,101227,1836,1539,3028,2206,2631,966,2201,1237,3074,1839,2797,980
$JT,C,34,101247,101248,1829,1510,3028,2198,2586,947,2209,1279,3097,1846,2823,982
$JT,C,35,101267,101268,1819,1469,3024,2187,2543,941,2221,1317,3107,1858,2859,991
$JT,P,36,12,512
$JT,C,36,101289,101289,1804,1421,3007,2171,2508,944,2237,1349,3111,1874,2905,1015
$JT,C,37,101308,101309,1790,1372,2973,2157,2481,951,2251,1374,3110,1887,2947,1057
$JT,C,38,101327,101327,1789,1335,2925,2157,2460,957,2251,1395,3104,1888,2982,1106
$JT,C,39,101347,101347,1788,1315,2882,2156,2445,965,2251,1410,3096,1888,3004,1148
$JT,C,40,101367,101368,1787,1306,2858,2155,2434,976,2251,1421,3085,1890,3012,1173
$JT,C,41,101388,101389,1783,1279,2883,2153,2404,1033,2246,1450,3029,1888,3038,1147
$JT,C,42,101405,101406,1785,1262,2910,2155,2406,1031,2243,1449,3029,1884,3056,1119
$JT,C,43,101427,101427,1791,1265,2942,2162,2412,1029,2236,1445,3029,1877,3055,1083
$JT,C,44,101446,101447,1798,1284,2992,2168,2425,1025,2230,1433,3030,1870,3038,1031
$JT,C,45,101468,101469,1805,1322,3045,2175,2445,1021,2222,1414,3031,1862,3004,974
$JT,C,46,101487,101487,1814,1373,3083,2183,2475,1018,2214,1388,3030,1853,2957,931
$JT,C,47,101509,101509,1824,1426,3102,2194,2514,1021,2203,1350,3023,1841,2907,908
$JT,P,48,12,512
$JT,C,48,101527,101527,1840,1472,3104,2208,2564,1032,2187,1306,3004,1825,2865,899
$JT,C,49,101549,101549,1858,1508,3097,2226,2616,1063,2170,1260,2965,1807,2833,899
$JT,C,50,101566,101567,1864,1533,3090,2231,2658,1110,2164,1222,2912,1801,2809,903
$JT,C,51,101587,101587,1864,1550,3083,2232,2684,1162,2164,1196,2863,1801,2791,909
$JT,C,52,101607,101607,1864,1563,3074,2232,2696,1196,2164,1183,2829,1802,2778,918
$JT,C,53,101625,101626,1865,1573,3058,2233,2698,1207,2164,1180,2818,1803,2768,936
$JT,C,54,101647,101647,1868,1597,3013,2238,2736,1156,2165,1144,2870,1808,2745,981
$JT,C,55,101667,101667,1858,1591,3016,2230,2739,1129,2175,1138,2900,1816,2748,981
$JT,C,56,101687,101688,1853,1581,3020,2223,2728,1083,2181,1147,2948,1821,2757,980
$JT,C,57,101708,101709,1846,1565,3023,2216,2699,1027,2189,1173,3007,1829,2773,979
$JT,C,58,101729,101729,1838,1540,3027,2208,2652,980,2197,1215,3060,1837,2794,979
$JT,C,59,101749,101749,1829,1506,3028,2198,2599,951,2209,1266,3093,1846,2826,982
$JT,P,60,12,512
$JT,C,60,101767,101768,1816,1461,3022,2186,2549,942,2222,1313,3107,1860,2868,994
$JT,C,61,101789,101789,1800,1409,3002,2169,2508,945,2241,1349,3112,1877,2915,1023
$JT,C,62,101808,101809,1787,1360,2962,2154,2477,952,2254,1377,3110,1891,2957,1072
$JT,C,63,101827,101827,1786,1326,2909,2154,2457,958,2254,1398,3104,1891,2990,1123
$JT,C,64,101847,101847,1786,1308,2865,2154,2442,966,2254,1413,3096,1891,3009,1166
$JT,C,65,101867,101867,1785,1301,2842,2153,2432,977,2253,1423,3085,1891,3016,1189
$JT,C,66,101888,101889,1782,1276,2872,2150,2402,1033,2247,1452,3029,1890,3041,1159
$JT,C,67,101905,101906,1783,1260,2903,2155,2404,1032,2244,1452,3029,1885,3058,1127
$JT,C,68,101927,101927,1791,1263,2938,2162,2411,1029,2237,1446,3029,1877,3057,1088
$JT,C,69,101948,101948,1797,1283,2990,2168,2425,1025,2230,1433,3030,1870,3039,1033
$JT,C,70,101968,101969,1805,1322,3045,2175,2445,1021,2223,1414,3031,1862,3005,974
$JT,C,71,101987,101987,1814,1373,3083,2183,2474,1018,2214,1388,3030,1853,2957,931
$JT,P,72,12,512
$JT,C,72,102009,102009,1824,1426,3102,2194,2514,1021,2203,1350,3023,1841,2907,908
$JT,C,73,102027,102027,1840,1472,3104,2208,2564,1032,2187,1306,3004,1825,2865,899
$JT,C,74,102049,102049,1858,1508,3097,2226,2616,1063,2170,1260,2965,1807,2833,899
$JT,C,75,102066,102067,1864,1533,3090,2231,2658,1110,2163,1222,2912,1801,2809,903
$JT,C,76,102087,102087,1864,1550,3083,2232,2684,1162,2164,1196,2863,1801,2791,909
$JT,C,77,102107,102107,1865,1563,3074,2232,2696,1196,2164,1183,2829,1802,2778,918
$JT,C,78,102126,102126,1865,1573,3058,2233,2698,1207,2164,1181,2818,1803,2768,936
$JT,C,79,102147,102147,1868,1597,3013,2237,2736,1156,2165,1144,2870,1808,2745,981
$JT,C,80,102167,102167,1860,1591,3016,2230,2739,1129,2175,1138,2900,1816,2748,981
$JT,C,81,102187,102188,1853,1581,3020,2223,2728,1083,2181,1147,2948,1822,2757,980
$JT,C,82,102208,102209,1846,1565,3023,2215,2699,1027,2189,1173,3007,1829,2773,979
$JT,C,83,102229,102229,1839,1540,3027,2208,2652,980,2197,1215,3060,1837,2794,979
$JT,P,84,12,512
$JT,C,84,102249,102249,1829,1506,3028,2198,2599,951,2209,1266,3093,1846,2826,982
$JT,C,85,102267,102268,1816,1461,3022,2186,2549,942,2222,1313,3107,1860,2868,994
$JT,C,86,102288,102289,1800,1409,3002,2169,2508,945,2241,1349,3112,1877,2915,1023
$JT,C,87,102308,102309,1787,1360,2962,2154,2477,952,2254,1377,3110,1891,2957,1072
$JT,C,88,102327,102327,1786,1326,2909,2154,2457,958,2254,1398,3104,1891,2990,1123
$JT,C,89,102347,102347,1786,1308,2865,2154,2442,966,2254,1413,3096,1891,3009,1166
$JT,C,90,102367,102367,1785,1301,2842,2153,2432,977,2253,1423,3085,1891,3016,1189
$JT,C,91,102388,102389,1782,1276,2872,2152,2402,1033,2247,1452,3029,1890,3041,1159
$JT,C,92,102405,102406,1783,1260,2903,2155,2404,1032,2244,1452,3029,1885,3058,1127
$JT,C,93,102427,102427,1790,1263,2938,2162,2411,1029,2237,1446,3029,1877,3057,1088
$JT,C,94,102448,102448,1797,1284,2990,2168,2425,1025,2230,1433,3030,1870,3039,1033
$JT,C,95,102468,102469,1805,1322,3045,2175,2445,1021,2223,1414,3031,1862,3005,974
$JT,P,96,12,512
$JT,C,96,102487,102487,1814,1373,3083,2183,2474,1018,2214,1388,3030,1853,2957,931
$JT,C,97,102509,102509,1824,1426,3102,2194,2514,1021,2203,1350,3023,1841,2907,908
$JT,C,98,102527,102527,1840,1472,3104,2208,2564,1032,2187,1306,3004,1825,2865,899
$JT,C,99,102549,102549,1858,1508,3097,2226,2616,1063,2170,1260,2965,1807,2833,899
$JT,C,100,102566,102567,1864,1533,3090,2231,2658,1110,2163,1222,2912,1801,2809,903
$JT,C,101,102587,102587,1864,1550,3083,2232,2684,1162,2163,1196,2863,1801,2791,909
$JT,C,102,102607,102607,1865,1563,3074,2232,2696,1196,2164,1183,2829,1802,2778,918
$JT,C,103,102625,102626,1865,1573,3058,2232,2698,1207,2164,1181,2818,1803,2768,936
$JT,C,104,102647,102647,1868,1597,3013,2237,2736,1156,2165,1144,2870,1808,2745,981
$JT,C,105,102667,102667,1860,1591,3016,2230,2739,1129,2175,1138,2900,1816,2748,981
$JT,C,106,102687,102688,1853,1581,3020,2223,2728,1083,2181,1147,2948,1822,2757,980
$JT,C,107,102708,102709,1846,1564,3023,2215,2699,1027,2189,1173,3007,1829,2773,980
$JT,P,108,12,512
$JT,C,108,102729,102729,1839,1540,3027,2207,2652,980,2197,1215,3060,1837,2794,979
$JT,C,109,102749,102749,1830,1506,3028,2198,2599,951,2209,1266,3093,1846,2826,982
$JT,C,110,102767,102768,1816,1461,3022,2186,2549,942,2222,1313,3107,1860,2868,994
$JT,C,111,102788,102789,1800,1409,3002,2169,2508,944,2241,1349,3112,1877,2915,1023
$JT,C,112,102808,102809,1787,1360,2962,2154,2477,952,2254,1377,3110,1891,2957,1072
$JT,C,113,102827,102827,1786,1326,2909,2154,2457,958,2254,1398,3104,1891,2990,1123
$JT,C,114,102847,102847,1785,1308,2865,2154,2442,966,2254,1413,3096,1891,3009,1166
$JT,C,115,102867,102867,1785,1301,2842,2154,2432,977,2253,1423,3085,1891,3016,1189
$JT,C,116,102888,102889,1781,1276,2873,2152,2402,1033,2247,1452,3029,1890,3041,1159
$JT,C,117,102905,102906,1783,1260,2903,2155,2404,1032,2244,1450,3029,1885,3058,1127
$JT,C,118,102927,102927,1790,1263,2939,2162,2411,1029,2237,1445,3029,1877,3057,1088
$JT,C,119,102948,102948,1797,1284,2991,2168,2425,1025,2230,1433,3030,1870,3039,1033
$JT,P,120,12,512
$JT,C,120,102968,102969,1805,1322,3045,2175,2445,1021,2223,1414,3031,1862,3005,974
$JT,C,121,102987,102987,1814,1373,3083,2183,2474,1018,2214,1388,3030,1853,2957,931
$JT,C,122,103009,103009,1824,1426,3102,2194,2514,1021,2203,1350,3023,1841,2907,908
$JT,C,123,103027,103027,1840,1472,3104,2208,2564,1032,2187,1306,3004,1825,2865,899
$JT,C,124,103049,103049,1858,1508,3097,2226,2616,1063,2170,1260,2965,1807,2833,899
$JT,C,125,103066,103067,1864,1533,3090,2231,2658,1110,2163,1222,2912,1801,2809,903
$JT,C,126,103087,103087,1865,1550,3083,2232,2684,1162,2163,1196,2863,1801,2791,909
$JT,C,127,103107,103107,1865,1563,3074,2232,2696,1196,2163,1183,2829,1802,2778,918
$JT,C,128,103125,103126,1865,1573,3057,2232,2698,1207,2163,1181,2818,1804,2768,936
$JT,C,129,103147,103147,1868,1597,3013,2237,2736,1156,2165,1144,2870,1808,2745,981
$JT,C,130,103167,103167,1860,1591,3016,2230,2739,1129,2175,1138,2900,1816,2748,981
$JT,C,131,103187,103188,1853,1581,3020,2223,2728,1083,2181,1147,2948,1822,2757,980
$JT,P,132,12,512
$JT,C,132,103209,103209,1846,1564,3023,2215,2699,1027,2189,1173,3007,1829,2772,980
$JT,C,133,103229,103229,1839,1540,3027,2207,2652,980,2197,1215,3060,1837,2794,979
$JT,C,134,103249,103249,1830,1506,3028,2198,2599,951,2209,1266,3093,1846,2826,982
$JT,C,135,103267,103268,1816,1461,3022,2186,2549,942,2222,1313,3107,1860,2868,994
$JT,C,136,103288,103289,1800,1409,3002,2169,2508,944,2241,1349,3112,1877,2915,1023
$JT,C,137,103308,103309,1787,1360,2962,2154,2477,952,2254,1377,3110,1891,2957,1072
$JT,C,138,103327,103327,1786,1326,2909,2154,2457,958,2254,1398,3104,1891,2990,1123
$JT,C,139,103347,103347,1786,1308,2865,2154,2442,966,2254,1413,3096,1891,3009,1166
$JT,C,140,103367,103367,1785,1301,2842,2154,2432,977,2253,1423,3085,1891,3016,1189
$JT,C,141,103388,103389,1781,1276,2872,2152,2402,1033,2247,1452,3029,1890,3041,1159
$JT,C,142,103405,103406,1783,1260,2903,2155,2404,1032,2244,1450,3029,1885,3058,1127
$JT,C,143,103427,103427,1790,1263,2939,2162,2411,1029,2237,1445,3029,1877,3057,1088
$JT,P,144,12,512
$JT,C,144,103448,103448,1797,1284,2991,2168,2425,1025,2230,1433,3030,1870,3039,1033
$JT,C,145,103468,103469,1805,1322,3045,2175,2445,1021,2223,1414,3031,1862,3005,974
$JT,C,146,103487,103487,1814,1373,3083,2183,2474,1018,2214,1388,3030,1853,2957,931
$JT,C,147,103509,103509,1824,1426,3102,2194,2514,1021,2203,1350,3023,1841,2907,908
$JT,C,148,103527,103527,1840,1472,3104,2208,2564,1032,2187,1306,3004,1825,2865,899
$JT,C,149,103549,103549,1858,1508,3097,2226,2616,1063,2170,1260,2965,1807,2833,899
$JT,C,150,103566,103567,1864,1533,3090,2231,2658,1110,2163,1222,2912,1801,2809,903
$JT,C,151,103587,103587,1865,1550,3083,2232,2684,1162,2163,1196,2863,1801,2791,909
$JT,C,152,103607,103607,1865,1563,3074,2232,2696,1196,2163,1183,2829,1802,2778,918
$JT,C,153,103625,103626,1865,1573,3057,2232,2698,1207,2163,1181,2818,1804,2768,936
$JT,C,154,103647,103647,1868,1596,3013,2237,2736,1156,2165,1144,2870,1808,2744,981
$JT,C,155,103667,103667,1860,1591,3016,2229,2739,1129,2175,1138,2900,1816,2748,981
$JT,P,156,12,512
$JT,C,156,103687,103688,1853,1581,3020,2223,2728,1083,2181,1147,2948,1822,2757,980
$JT,C,157,103708,103709,1846,1564,3023,2215,2699,1027,2189,1173,3007,1829,2772,980
$JT,C,158,103729,103729,1839,1540,3027,2207,2652,980,2197,1215,3060,1837,2794,979
$JT,C,159,103749,103749,1830,1506,3028,2198,2599,951,2209,1266,3093,1846,2826,982
$JT,C,160,103767,103768,1816,1461,3022,2186,2549,942,2222,1313,3107,1860,2868,994
$JT,C,161,103789,103789,1800,1409,3002,2169,2508,944,2241,1349,3112,1877,2915,1023
$JT,C,162,103808,103809,1787,1360,2962,2154,2477,952,2255,1377,3110,1891,2957,1072
$JT,C,163,103827,103827,1786,1326,2909,2154,2457,958,2254,1398,3104,1891,2990,1123
$JT,C,164,103847,103847,1785,1308,2865,2154,2442,966,2254,1412,3096,1891,3009,1166
$JT,C,165,103867,103867,1785,1301,2842,2154,2432,977,2253,1423,3085,1891,3016,1189
$JT,C,166,103888,103889,1781,1276,2873,2152,2402,1033,2248,1452,3029,1890,3041,1159
$JT,C,167,103905,103906,1783,1260,2903,2155,2404,1032,2244,1450,3029,1885,3058,1127
$JT,P,168,12,512
$JT,C,168,103927,103927,1790,1263,2939,2162,2411,1029,2237,1445,3029,1877,3057,1088
$JT,C,169,103948,103948,1797,1284,2991,2169,2425,1025,2230,1433,3030,1870,3039,1033
$JT,C,170,103968,103969,1805,1322,3045,2175,2445,1021,2223,1414,3031,1862,3005,974
$JT,C,171,103987,103987,1814,1373,3083,2183,2474,1018,2214,1388,3030,1853,2957,931
$JT,C,172,104009,104009,1824,1426,3102,2194,2514,1021,2203,1350,3023,1841,2907,908
$JT,C,173,104027,104027,1840,1472,3104,2208,2564,1032,2187,1306,3004,1825,2865,899
$JT,C,174,104049,104049,1858,1508,3097,2226,2616,1063,2170,1260,2965,1807,2833,899
$JT,C,175,104066,104067,1865,1533,3090,2231,2658,1110,2163,1222,2912,1801,2809,903
$JT,C,176,104087,104087,1865,1550,3083,2231,2684,1162,2163,1196,2863,1802,2791,909
$JT,C,177,104107,104107,1865,1563,3074,2232,2696,1196,2163,1183,2829,1802,2778,918
$JT,C,178,104126,104126,1866,1573,3057,2232,2698,1207,2163,1181,2818,1804,2768,936
$JT,C,179,104147,104147,1868,1596,3013,2237,2736,1156,2165,1144,2870,1808,2744,981
$JT,P,180,12,512
$JT,C,180,104167,104167,1860,1591,3016,2229,2739,1129,2175,1138,2900,1816,2748,981
$JT,C,181,104187,104188,1853,1581,3020,2223,2728,1083,2181,1147,2948,1822,2757,980
$JT,C,182,104208,104209,1846,1564,3023,2215,2699,1027,2188,1173,3007,1829,2772,980
$JT,C,183,104229,104229,1839,1540,3027,2207,2652,980,2197,1215,3060,1837,2794,979
$JT,C,184,104249,104249,1830,1506,3028,2198,2599,951,2209,1266,3093,1846,2826,982
$JT,C,185,104267,104268,1816,1461,3022,2186,2549,942,2222,1313,3107,1860,2868,994
$JT,C,186,104289,104289,1800,1409,3002,2169,2508,944,2241,1349,3112,1877,2915,1023
$JT,C,187,104308,104309,1787,1360,2962,2154,2477,952,2255,1377,3110,1891,2957,1072
$JT,C,188,104327,104327,1786,1326,2909,2154,2457,958,2254,1398,3104,1891,2990,1123
$JT,C,189,104347,104347,1785,1308,2865,2154,2442,966,2254,1413,3096,1891,3009,1166
$JT,C,190,104367,104367,1785,1301,2842,2154,2432,977,2253,1423,3085,1891,3016,1189
$JT,C,191,104388,104389,1781,1276,2873,2152,2402,1033,2248,1452,3029,1890,3041,1159
$JT,P,192,12,512
$JT,C,192,104405,104406,1783,1260,2903,2155,2404,1032,2244,1450,3029,1885,3058,1127
$JT,C,193,104427,104427,1790,1263,2939,2162,2411,1029,2237,1445,3029,1877,3057,1088
$JT,C,194,104448,104448,1797,1284,2991,2168,2425,1025,2230,1433,3030,1870,3039,1033
$JT,C,195,104468,104469,1805,1322,3045,2175,2445,1021,2223,1414,3031,1862,3005,974
$JT,C,196,104487,104487,1814,1373,3083,2183,2474,1018,2214,1388,3030,1853,2957,931
$JT,C,197,104509,104509,1824,1426,3102,2194,2514,1021,2203,1350,3023,1841,2907,908
$JT,C,198,104527,104527,1840,1472,3104,2208,2564,1032,2187,1306,3004,1825,2865,899
$JT,C,199,104549,104549,1858,1508,3097,2226,2616,1063,2170,1260,2965,1807,2833,899
$JT,C,200,104566,104567,1864,1533,3090,2231,2658,1110,2163,1222,2912,1801,2809,903
$JT,C,201,104587,104587,1865,1550,3083,2232,2684,1162,2163,1196,2863,1801,2791,909
$JT,C,202,104607,104608,1865,1563,3074,2232,2696,1196,2163,1183,2829,1802,2778,918
$JT,C,203,104625,104626,1865,1573,3057,2232,2698,1207,2163,1181,2818,1804,2768,936
$JT,P,204,12,512
$JT,C,204,104647,104647,1868,1597,3013,2237,2736,1156,2165,1144,2870,1808,2745,981
$JT,C,205,104667,104667,1860,1591,3016,2229,2739,1129,2175,1138,2900,1816,2748,981
$JT,C,206,104687,104688,1853,1581,3020,2223,2728,1083,2181,1147,2948,1822,2757,980
$JT,C,207,104708,104709,1846,1564,3023,2215,2699,1027,2189,1173,3007,1829,2772,980
$JT,C,208,104729,104729,1839,1540,3027,2207,2652,980,2197,1215,3060,1837,2794,979
$JT,C,209,104749,104749,1830,1506,3028,2198,2599,951,2209,1266,3093,1846,2826,982
$JT,C,210,104767,104768,1816,1461,3022,2186,2549,942,2222,1313,3107,1860,2868,994
$JT,C,211,104789,104789,1800,1409,3002,2169,2508,944,2241,1349,3112,1877,2915,1023
$JT,C,212,104808,104809,1787,1360,2962,2154,2477,952,2254,1377,3110,1891,2957,1072
$JT,C,213,104827,104827,1786,1326,2909,2154,2457,958,2254,1398,3104,1891,2990,1123
$JT,C,214,104847,104847,1785,1308,2865,2154,2442,966,2254,1413,3096,1891,3009,1166
$JT,C,215,104867,104867,1785,1301,2842,2154,2432,977,2253,1423,3085,1891,3016,1189
$JT,P,216,12,512
$JT,C,216,104888,104889,1781,1276,2873,2152,2402,1033,2247,1452,3029,1890,3041,1159
$JT,C,217,104905,104906,1783,1260,2903,2155,2404,1032,2244,1450,3029,1885,3058,1127
$JT,C,218,104927,104927,1790,1263,2939,2162,2411,1029,2237,1445,3029,1877,3057,1088
$JT,C,219,104948,104948,1797,1284,2991,2168,2425,1025,2230,1433,3030,1870,3039,1033
$JT,C,220,104968,104969,1805,1322,3045,2175,2445,1021,2223,1414,3031,1862,3005,974
$JT,C,221,104987,104987,1814,1373,3083,2183,2474,1018,2214,1388,3030,1853,2957,931
$JT,C,222,105009,105009,1824,1426,3102,2194,2514,1021,2203,1350,3023,1841,2907,908
$JT,C,223,105027,105027,1840,1472,3104,2208,2564,1032,2187,1306,3004,1825,2865,899
$JT,C,224,105049,105049,1858,1508,3097,2226,2616,1063,2170,1260,2965,1807,2833,899
$JT,C,225,105066,105067,1864,1533,3090,2231,2658,1110,2163,1222,2912,1801,2809,903
$JT,C,226,105087,105087,1865,1550,3083,2232,2684,1162,2163,1196,2863,1801,2791,909
$JT,C,227,105107,105107,1865,1563,3074,2232,2696,1196,2163,1183,2829,1802,2778,918
$JT,P,228,12,512
$JT,C,228,105126,105126,1865,1573,3057,2232,2698,1207,2163,1181,2818,1804,2768,936
$JT,C,229,105147,105147,1868,1597,3013,2237,2736,1156,2165,1144,2870,1808,2745,981
$JT,C,230,105167,105167,1860,1591,3016,2229,2739,1129,2175,1138,2900,1816,2748,981
$JT,C,231,105187,105188,1853,1581,3020,2223,2728,1083,2181,1147,2948,1822,2757,980
$JT,C,232,105208,105209,1846,1564,3023,2215,2699,1027,2189,1173,3007,1829,2772,980
$JT,C,233,105229,105229,1839,1540,3027,2207,2652,980,2197,1215,3060,1837,2794,979
$JT,C,234,105249,105249,1830,1506,3028,2198,2599,951,2209,1266,3093,1846,2826,982
$JT,C,235,105267,105268,1816,1461,3022,2186,2549,942,2222,1313,3107,1860,2868,994
$JT,C,236,105289,105289,1800,1409,3002,2169,2508,944,2241,1349,3112,1877,2915,1023
$JT,C,237,105308,105309,1787,1360,2962,2154,2477,952,2254,1377,3110,1891,2957,1072
$JT,C,238,105327,105327,1786,1326,2909,2154,2457,958,2254,1398,3104,1891,2990,1123
$JT,C,239,105347,105347,1785,1308,2865,2154,2442,966,2254,1413,3096,1891,3009,1166
$JT,P,240,12,512
$JT,C,240,105367,105367,1785,1301,2842,2154,2432,977,2253,1423,3085,1891,3016,1189
$JT,C,241,105388,105389,1781,1276,2873,2152,2402,1033,2247,1452,3029,1890,3041,1159
$JT,C,242,105405,105406,1783,1260,2903,2155,2404,1032,2244,1450,3029,1885,3058,1127
$JT,C,243,105427,105427,1790,1263,2939,2162,2411,1029,2237,1445,3029,1877,3057,1088
$JT,C,244,105448,105448,1797,1284,2991,2168,2425,1025,2230,1433,3030,1870,3039,1033
$JT,C,245,105468,105469,1805,1322,3045,2175,2445,1021,2223,1414,3031,1862,3005,974
$JT,C,246,105487,105487,1814,1373,3083,2183,2474,1018,2214,1388,3030,1853,2957,931
$JT,C,247,105509,105509,1824,1426,3102,2194,2514,1021,2203,1350,3023,1841,2907,908
$JT,C,248,105527,105527,1840,1472,3104,2208,2564,1032,2187,1306,3004,1825,2865,899
$JT,C,249,105549,105549,1858,1508,3097,2226,2616,1063,2170,1260,2965,1807,2833,899
$JT,C,250,105566,105567,1864,1533,3090,2231,2658,1110,2163,1222,2912,1801,2809,903
$JT,C,251,105587,105587,1865,1550,3083,2232,2684,1162,2163,1196,2863,1801,2791,909
$JT,P,252,12,512
$JT,C,252,105607,105607,1865,1563,3074,2232,2696,1196,2163,1183,2829,1802,2778,918
$JT,C,253,105625,105626,1865,1573,3057,2232,2698,1207,2163,1181,2818,1804,2768,936
$JT,C,254,105647,105647,1868,1597,3013,2237,2736,1156,2165,1144,2870,1808,2745,981
$JT,C,255,105667,105668,1860,1591,3016,2229,2739,1129,2175,1138,2900,1816,2748,981
$JT,S,100564,100566,0,0,0,1923,0,-56,2,11200,32,0
$JT,S,100587,100589,1,1,0,1556,0,16,0,11300,31,0
$JT,S,100607,100609,2,2,0,2991,0,24,1,11400,33,0
$JT,S,100627,100629,3,3,0,2094,0,40,0,11400,33,0
$JT,S,100644,100646,4,4,0,2446,50,-48,2,11300,30,0
$JT,S,100664,100666,5,5,0,1054,0,104,2,11400,32,0
$JT,S,100684,100686,6,6,0,2108,0,40,1,11200,32,0
$JT,S,100704,100706,7,7,0,1402,-250,64,3,11300,29,0
$JT,P,264,12,512
$JT,S,100724,100726,8,8,0,3005,300,-112,1,11300,35,0
$JT,S,100744,100746,9,9,0,1946,0,-48,1,11300,33,0
$JT,S,100764,100766,10,10,0,2776,0,-32,1,11300,31,0
$JT,S,100784,100786,11,11,0,1021,0,0,0,11300,33,0
$JT,S,100806,100808,12,0,0,1923,0,-56,1,11200,32,0
$JT,S,100826,100828,13,1,0,1549,-100,56,3,11300,31,0
$JT,S,100846,100848,14,2,0,2991,0,44,1,11400,33,0
$JT,S,100866,100868,15,3,0,2143,300,-104,1,11400,33,0
$JT,S,100887,100889,16,4,0,2510,200,-24,1,11300,30,0
$JT,S,100906,100908,17,5,0,986,-300,116,1,11400,32,0
$JT,S,100926,100928,18,6,0,2108,0,28,1,11200,32,0
$JT,S,100944,100946,19,7,0,1396,250,-48,2,11300,29,0
$JT,P,276,12,512
$JT,S,100966,100968,20,8,0,3056,50,60,2,11300,35,0
$JT,S,100986,100988,21,9,0,1946,0,52,1,11300,33,0
$JT,S,101006,101008,22,10,0,2831,300,-72,4,11200,31,0
$JT,S,101027,101029,23,11,0,1006,-250,116,1,11300,33,0
$JT,S,101047,101049,24,0,0,1912,-250,96,1,11200,32,0
$JT,S,101068,101070,25,1,0,1483,-250,56,3,11300,31,0
$JT,S,101088,101090,26,2,0,3021,300,-120,3,11400,33,0
$JT,S,101107,101109,27,3,0,2215,300,-80,0,11300,33,0
$JT,S,101126,101128,28,4,0,2476,0,-48,2,11300,30,0
$JT,S,101147,101149,29,5,0,1002,300,-108,1,11400,60,0
$JT,S,101166,101168,30,6,0,2154,300,-104,1,11200,32,0
$JT,S,101187,101189,31,7,0,1400,-300,72,5,11300,29,0
$JT,P,288,12,512
$JT,S,101208,101210,32,8,0,2992,-300,84,0,11300,35,0
$JT,S,101228,101230,33,9,0,1881,-300,104,0,11300,33,0
$JT,S,101248,101250,34,10,0,2833,-300,48,1,11300,31,0
$JT,S,101268,101270,35,11,0,948,-150,-28,0,11300,33,0
$JT,S,101289,101291,36,0,0,1844,-250,100,2,11200,32,0
$JT,S,101309,101311,37,1,0,1512,250,-24,0,11300,31,0
$JT,S,101327,101329,38,2,0,3054,-100,108,3,11400,33,0
$JT,S,101347,101349,39,3,0,2198,-300,128,2,11300,33,0
$JT,S,101368,101370,40,4,0,2539,200,-24,0,11300,30,0
$JT,S,101389,101391,41,5,0,1028,-250,112,1,11400,32,0
$JT,S,101406,101408,42,6,0,2222,300,-124,2,11200,37,0
$JT,S,101427,101429,43,7,0,1350,0,-24,0,11300,29,0
$JT,P,300,12,512
$JT,S,101447,101449,44,8,0,3012,250,-104,1,11300,41,0
$JT,S,101469,101471,45,9,0,1858,250,-120,2,11300,33,0
$JT,S,101488,101490,46,10,0,2841,300,-72,4,11300,31,0
$JT,S,101509,101511,47,11,0,1002,300,-92,1,11300,33,0
$JT,S,101528,101530,48,0,0,1787,-50,-24,0,11200,32,0
$JT,S,101549,101551,49,1,0,1471,-300,52,3,11300,31,0
$JT,S,101567,101569,50,2,0,2995,-150,-28,1,11400,33,0
$JT,S,101587,101589,51,3,0,2162,100,-112,2,11300,33,0
$JT,S,101607,101610,52,4,0,2496,-150,-16,0,11300,30,0
$JT,S,101626,101628,53,5,0,1026,250,-96,1,11400,32,0
$JT,S,101647,101649,54,6,0,2220,-300,144,4,11200,33,0
$JT,S,101667,101669,55,7,0,1380,-150,60,5,11300,29,0
$JT,P,312,12,512
$JT,S,101688,101690,56,8,0,2999,-250,120,1,11300,34,0
$JT,S,101709,101711,57,9,0,1841,-300,100,0,11300,33,0
$JT,S,101729,101731,58,10,0,2857,-250,48,1,11200,31,0
$JT,S,101749,101751,59,11,0,987,-200,68,1,11300,33,0
$JT,S,101768,101770,60,0,0,1839,250,-96,1,11200,32,0
$JT,S,101789,101791,61,1,0,1491,300,-48,2,11300,31,0
$JT,S,101809,101811,62,2,0,3025,0,24,0,11400,33,0
$JT,S,101827,101829,63,3,0,2219,0,28,1,11300,33,0
$JT,S,101847,101849,64,4,0,2549,200,-32,1,11300,30,0
$JT,S,101867,101869,65,5,0,1073,0,96,3,11400,32,0
$JT,S,101889,101891,66,6,0,2191,200,-112,2,11200,32,0
$JT,S,101906,101908,67,7,0,1323,-50,-16,0,11300,29,0
$JT,P,324,12,512
$JT,S,101927,101929,68,8,0,2982,250,-116,3,11300,34,0
$JT,S,101948,101950,69,9,0,1847,300,-128,2,11300,33,0
$JT,S,101969,101971,70,10,0,2842,300,-76,3,11200,31,0
$JT,S,101988,101990,71,11,0,1023,300,-96,1,11300,33,0
$JT,S,102009,102011,72,0,0,1810,-250,80,0,11200,32,0
$JT,S,102028,102030,73,1,0,1472,-300,72,5,11300,31,0
$JT,S,102049,102051,74,2,0,2974,-200,20,0,11400,33,0
$JT,S,102067,102069,75,3,0,2174,-100,0,0,11400,33,0
$JT,S,102087,102089,76,4,0,2504,-200,8,0,11300,30,0
$JT,S,102107,102110,77,5,0,1021,-50,-40,0,11400,32,0
$JT,S,102126,102128,78,6,0,2231,0,140,6,11200,32,0
$JT,S,102147,102149,79,7,0,1366,0,56,3,11300,29,0
$JT,P,336,12,512
$JT,S,102167,102169,80,8,0,3023,0,116,2,11300,34,0
$JT,S,102188,102190,81,9,0,1851,-250,108,1,11300,32,0
$JT,S,102209,102211,82,10,0,2870,-200,48,1,11200,31,0
$JT,S,102229,102231,83,11,0,1005,-250,124,2,11300,33,0
$JT,S,102249,102251,84,0,0,1830,300,-112,2,11200,32,0
$JT,S,102268,102270,85,1,0,1480,350,-36,2,11300,31,0
$JT,S,102289,102291,86,2,0,3017,250,-76,2,11400,33,0
$JT,S,102309,102311,87,3,0,2219,150,32,1,11400,33,0
$JT,S,102327,102329,88,4,0,2551,300,-52,1,11300,30,0
$JT,S,102347,102349,89,5,0,1061,0,44,1,11400,32,0
$JT,S,102367,102369,90,6,0,2188,50,-88,2,11200,32,0
$JT,S,102389,102391,91,7,0,1313,-50,-20,0,11300,29,0
$JT,P,348,12,512
$JT,S,102406,102408,92,8,0,2997,300,-108,2,11300,35,0
$JT,S,102427,102429,93,9,0,1839,250,-128,3,11300,32,0
$JT,S,102448,102450,94,10,0,2842,250,-72,5,11200,31,0
$JT,S,102469,102471,95,11,0,1004,250,-116,1,11200,33,0
$JT,S,102488,102490,96,0,0,1813,-250,88,1,11200,32,0
$JT,S,102509,102511,97,1,0,1471,-300,60,4,11300,31,0
$JT,S,102528,102530,98,2,0,2988,-250,56,0,11400,34,0
$JT,S,102549,102551,99,3,0,2175,-150,48,0,11400,33,0
$JT,S,102567,102569,100,4,0,2513,-250,24,0,11300,30,0
$JT,S,102587,102589,101,5,0,1021,-100,-28,0,11400,32,0
$JT,S,102607,102610,102,6,0,2231,-50,96,3,11200,32,0
$JT,S,102626,102628,103,7,0,1362,50,32,1,11300,29,0
$JT,P,360,12,512
$JT,S,102647,102649,104,8,0,3013,-350,96,1,11300,35,0
$JT,S,102667,102669,105,9,0,1856,-250,100,1,11300,33,0
$JT,S,102688,102690,106,10,0,2881,-150,44,0,11200,31,0
$JT,S,102709,102711,107,11,0,1009,-300,120,2,11300,33,0
$JT,S,102729,102731,108,0,0,1827,300,-128,3,11200,32,0
$JT,S,102749,102751,109,1,0,1468,250,-36,2,11300,31,0
$JT,S,102768,102770,110,2,0,3018,150,-72,1,11400,33,0
$JT,S,102789,102791,111,3,0,2217,200,-36,1,11400,33,0
$JT,S,102809,102811,112,4,0,2552,300,-56,2,11300,30,0
$JT,S,102827,102829,113,5,0,1067,100,36,1,11400,32,0
$JT,S,102847,102849,114,6,0,2187,0,-40,0,11300,32,0
$JT,S,102867,102869,115,7,0,1308,-150,16,0,11300,29,0
$JT,P,372,12,512
$JT,S,102889,102891,116,8,0,2975,50,-124,3,11300,35,0
$JT,S,102906,102908,117,9,0,1834,200,-136,3,11300,32,0
$JT,S,102927,102929,118,10,0,2842,100,-76,3,11200,31,0
$JT,S,102948,102950,119,11,0,1001,250,-96,1,11300,33,0
$JT,S,102969,102971,120,0,0,1820,-250,100,1,11200,32,0
$JT,S,102988,102990,121,1,0,1472,-300,72,4,11300,31,0
$JT,S,103009,103011,122,2,0,2986,-300,72,2,11400,33,0
$JT,S,103028,103030,123,3,0,2178,-200,84,1,11400,33,0
$JT,S,103049,103051,124,4,0,2521,-300,28,1,11300,30,0
$JT,S,103067,103069,125,5,0,1023,-200,36,1,11400,32,0
$JT,S,103087,103089,126,6,0,2232,0,56,1,11200,32,0
$JT,S,103107,103110,127,7,0,1357,150,16,0,11300,29,0
$JT,P,384,12,512
$JT,S,103126,103128,128,8,0,3025,0,32,0,11300,35,0
$JT,S,103147,103149,129,9,0,1862,-200,104,2,11300,32,0
$JT,S,103167,103169,130,10,0,2891,0,32,1,11200,31,0
$JT,S,103188,103190,131,11,0,1015,-200,112,1,11300,33,0
$JT,S,103209,103211,132,0,0,1819,250,-136,3,11200,32,0
$JT,S,103229,103231,133,1,0,1456,300,-48,3,11300,31,0
$JT,S,103249,103251,134,2,0,3011,250,-96,2,11400,33,0
$JT,S,103268,103270,135,3,0,2212,300,-64,0,11400,33,0
$JT,S,103289,103291,136,4,0,2552,300,-64,3,11300,30,0
$JT,S,103309,103311,137,5,0,1064,200,-24,0,11400,32,0
$JT,S,103327,103329,138,6,0,2187,-100,-28,0,11300,32,0
$JT,S,103347,103349,139,7,0,1304,-200,32,1,11300,29,0
$JT,P,396,12,512
$JT,S,103367,103369,140,8,0,2988,0,-96,4,11300,35,0
$JT,S,103389,103391,141,9,0,1830,100,-124,3,11300,32,0
$JT,S,103406,103408,142,10,0,2845,50,-48,2,11200,31,0
$JT,S,103427,103429,143,11,0,994,200,-96,0,11300,33,0
$JT,S,103448,103450,144,0,0,1824,-300,96,1,11200,32,0
$JT,S,103469,103471,145,1,0,1472,-250,60,5,11300,31,0
$JT,S,103488,103490,146,2,0,2993,-300,80,3,11400,33,0
$JT,S,103509,103511,147,3,0,2183,-300,96,1,11400,33,0
$JT,S,103528,103530,148,4,0,2531,-300,36,0,11300,30,0
$JT,S,103549,103551,149,5,0,1024,-200,48,1,11400,32,0
$JT,S,103567,103569,150,6,0,2231,150,28,0,11200,32,0
$JT,S,103587,103589,151,7,0,1350,200,4,0,11300,29,0
$JT,P,408,12,512
$JT,S,103607,103610,152,8,0,3025,0,116,3,11300,34,0
$JT,S,103626,103628,153,9,0,1867,-50,108,2,11300,33,0
$JT,S,103647,103649,154,10,0,2898,0,8,0,11200,31,0
$JT,S,103667,103669,155,11,0,1021,-150,120,2,11300,33,0
$JT,S,103688,103690,156,0,0,1815,300,-140,3,11200,32,0
$JT,S,103709,103711,157,1,0,1445,200,-52,2,11300,31,0
$JT,S,103729,103731,158,2,0,3009,200,-84,2,11400,33,0
$JT,S,103749,103751,159,3,0,2207,300,-80,0,11400,33,0
$JT,S,103768,103770,160,4,0,2543,250,-72,4,11300,30,0
$JT,S,103789,103791,161,5,0,1062,250,-52,1,11400,32,0
$JT,S,103809,103811,162,6,0,2187,-150,24,0,11200,32,0
$JT,S,103827,103829,163,7,0,1302,-250,40,2,11300,29,0
$JT,P,420,12,512
$JT,S,103847,103849,164,8,0,2974,0,-40,1,11300,34,0
$JT,S,103867,103869,165,9,0,1825,0,-124,4,11300,69,0
$JT,S,103889,103891,166,10,0,2850,0,-32,1,11300,31,0
$JT,S,103906,103908,167,11,0,988,100,-104,2,11300,33,0
$JT,S,103927,103929,168,0,0,1832,-250,100,1,11200,32,0
$JT,S,103948,103950,169,1,0,1472,-150,60,5,11300,31,0
$JT,S,103969,103971,170,2,0,2998,-250,116,2,11400,33,0
$JT,S,103988,103990,171,3,0,2189,-300,116,2,11400,33,0
$JT,S,104009,104011,172,4,0,2536,-300,48,1,11300,30,0
$JT,S,104028,104030,173,5,0,1028,-200,68,0,11400,32,0
$JT,S,104049,104051,174,6,0,2232,250,36,1,11200,32,0
$JT,S,104067,104069,175,7,0,1342,300,-24,0,11300,29,0
$JT,P,432,12,512
$JT,S,104087,104089,176,8,0,3025,150,0,0,11300,35,0
$JT,S,104107,104110,177,9,0,1869,-50,64,2,11300,33,0
$JT,S,104126,104128,178,10,0,2904,100,-8,0,11200,31,0
$JT,S,104147,104149,179,11,0,1026,0,112,3,11300,33,0
$JT,S,104167,104169,180,0,0,1807,150,-136,3,11200,32,0
$JT,S,104188,104190,181,1,0,1434,100,-32,1,11300,31,0
$JT,S,104209,104211,182,2,0,3004,250,-84,4,11400,33,0
$JT,S,104229,104231,183,3,0,2202,300,-108,0,11400,33,0
$JT,S,104249,104251,184,4,0,2540,250,-60,3,11300,30,0
$JT,S,104268,104270,185,5,0,1058,200,-68,0,11400,32,0
$JT,S,104289,104291,186,6,0,2189,-250,60,1,11300,32,0
$JT,S,104309,104311,187,7,0,1309,-250,56,3,11300,29,0
$JT,P,444,12,512
$JT,S,104327,104329,188,8,0,2986,-100,-32,1,11300,34,0
$JT,S,104347,104349,189,9,0,1824,0,-80,3,11300,32,0
$JT,S,104367,104369,190,10,0,2855,-100,-16,0,11300,31,0
$JT,S,104389,104391,191,11,0,984,50,-104,3,11300,33,0
$JT,S,104406,104408,192,0,0,1836,-150,100,1,11200,32,0
$JT,S,104427,104429,193,1,0,1472,-150,64,4,11300,31,0
$JT,S,104448,104450,194,2,0,3005,-250,104,5,11400,33,0
$JT,S,104469,104471,195,3,0,2193,-300,128,2,11300,33,0
$JT,S,104488,104490,196,4,0,2543,-300,52,1,11300,30,0
$JT,S,104509,104511,197,5,0,1031,-200,84,2,11400,32,0
$JT,S,104528,104530,198,6,0,2228,250,-44,0,11200,32,0
$JT,S,104549,104551,199,7,0,1340,300,-28,2,11300,29,0
$JT,P,456,12,512
$JT,S,104567,104569,200,8,0,3025,0,28,1,11300,35,0
$JT,S,104587,104589,201,9,0,1869,0,32,0,11300,33,0
$JT,S,104608,104610,202,10,0,2904,100,-8,0,11200,31,0
$JT,S,104626,104628,203,11,0,1028,0,84,2,11300,33,0
$JT,S,104647,104649,204,0,0,1804,50,-140,4,11200,32,0
$JT,S,104667,104669,205,1,0,1433,150,-32,2,11300,31,0
$JT,S,104688,104690,206,2,0,3001,300,-92,2,11400,33,0
$JT,S,104709,104711,207,3,0,2196,250,-112,1,11400,33,0
$JT,S,104729,104731,208,4,0,2532,300,-72,4,11300,30,0
$JT,S,104749,104751,209,5,0,1054,250,-92,1,11400,32,0
$JT,S,104768,104770,210,6,0,2192,-300,76,0,11200,32,0
$JT,S,104789,104791,211,7,0,1311,-350,64,4,11300,29,0
$JT,P,468,12,512
$JT,S,104809,104811,212,8,0,2975,-150,20,0,11300,34,0
$JT,S,104827,104829,213,9,0,1824,-50,-40,0,11300,33,0
$JT,S,104847,104849,214,10,0,2852,-150,8,0,11300,31,0
$JT,S,104867,104869,215,11,0,984,50,-48,0,11200,33,0
$JT,S,104889,104891,216,0,0,1841,0,96,2,11200,32,0
$JT,S,104906,104908,217,1,0,1480,-50,48,4,11300,31,0
$JT,S,104927,104929,218,2,0,3010,-250,112,5,11400,33,0
$JT,S,104948,104950,219,3,0,2199,-250,124,3,11300,33,0
$JT,S,104969,104971,220,4,0,2547,-300,36,0,11300,30,0
$JT,S,104988,104990,221,5,0,1035,-250,76,1,11400,32,0
$JT,S,105009,105011,222,6,0,2223,250,-80,0,11200,32,0
$JT,S,105028,105030,223,7,0,1330,300,-48,1,11300,29,0
$JT,P,480,12,512
$JT,S,105049,105051,224,8,0,3021,200,-64,1,11300,34,0
$JT,S,105067,105069,225,9,0,1870,100,24,0,11300,33,0
$JT,S,105087,105089,226,10,0,2899,250,-40,2,11300,31,0
$JT,S,105107,105110,227,11,0,1028,-50,36,1,11300,33,0
$JT,S,105126,105128,228,0,0,1800,0,-112,4,11200,32,0
$JT,S,105147,105149,229,1,0,1428,-50,-16,0,11300,31,0
$JT,S,105167,105169,230,2,0,2995,300,-108,2,11400,33,0
$JT,S,105188,105190,231,3,0,2190,300,-108,2,11400,33,0
$JT,S,105209,105211,232,4,0,2528,350,-60,4,11300,30,0
$JT,S,105229,105231,233,5,0,1050,350,-84,1,11400,32,0
$JT,S,105249,105251,234,6,0,2197,-300,96,1,11200,32,0
$JT,S,105268,105270,235,7,0,1320,-300,72,4,11300,29,0
$JT,P,492,12,512
$JT,S,105289,105291,236,8,0,2989,-200,48,0,11300,34,0
$JT,S,105309,105311,237,9,0,1825,-150,-28,0,11300,33,0
$JT,S,105327,105329,238,10,0,2860,-250,24,0,11300,31,0
$JT,S,105347,105349,239,11,0,983,0,-32,0,11300,33,0
$JT,S,105367,105369,240,0,0,1843,0,64,1,11200,32,0
$JT,S,105389,105391,241,1,0,1477,0,32,1,11300,31,0
$JT,S,105406,105408,242,2,0,3016,-200,108,5,11300,33,0
$JT,S,105427,105429,243,3,0,2206,-300,128,3,11300,33,0
$JT,S,105448,105450,244,4,0,2555,-200,52,0,11300,30,0
$JT,S,105469,105471,245,5,0,1039,-300,72,0,11400,32,0
$JT,S,105488,105490,246,6,0,2216,200,-112,1,11200,32,0
$JT,S,105509,105511,247,7,0,1328,300,-48,2,11300,29,0
$JT,P,504,8,512
$JT,S,105528,105530,248,8,0,3023,150,-56,1,11300,35,0
$JT,S,105549,105551,249,9,0,1868,200,-44,1,11300,33,0
$JT,S,105567,105569,250,10,0,2898,250,-48,2,11300,31,0
$JT,S,105587,105589,251,11,0,1028,100,32,0,11300,33,0
$JT,S,105607,105610,252,0,0,1800,0,-80,2,11200,32,0
$JT,S,105626,105628,253,1,0,1428,-50,-8,0,11300,31,0
$JT,S,105647,105649,254,2,0,2989,200,-120,6,11400,33,0
$JT,S,105668,105670,255,3,0,2184,250,-108,2,11400,33,0
$JT,END
