$IT,M,1,257,0,0
$IT,P,0,12,257
$IT,S,0,5864151,-25,-3,500,1000,1,0
$IT,S,1,5864166,-25,-3,508,1000,1,0
$IT,S,2,5864188,-25,-3,517,1000,1,0
$IT,S,3,5864208,-25,-3,525,1000,1,0
$IT,S,4,5864228,-25,-3,534,1000,1,0
$IT,S,5,5864247,-25,-3,542,1000,1,0
$IT,S,6,5864267,-25,-3,551,1000,1,0
$IT,S,7,5864288,-25,-3,560,1000,1,0
$IT,S,8,5864308,-25,-3,569,1000,1,0
$IT,S,9,5864328,-25,-3,578,1000,1,0
$IT,S,10,5864348,-24,-3,587,1000,1,0
$IT,S,11,5864368,-24,-3,596,1000,1,0
$IT,P,12,12,257
$IT,S,12,5864386,-24,-4,605,1000,1,0
$IT,S,13,5864406,-24,-4,614,1000,1,0
$IT,S,14,5864426,-24,-4,623,1000,1,0
$IT,S,15,5864446,-24,-4,632,1000,1,0
$IT,S,16,5864466,-23,-4,641,1000,1,0
$IT,S,17,5864486,-20,-3,650,1000,1,0
$IT,S,18,5864506,-15,0,660,1000,1,0
$IT,S,19,5864526,-10,2,669,1000,1,0
$IT,S,20,5864546,-7,2,678,1000,1,0
$IT,S,21,5864566,-5,2,687,1000,1,0
$IT,S,22,5864586,-7,1,696,1000,1,0
$IT,S,23,5864606,-9,-1,705,1000,1,0
$IT,P,24,12,257
$IT,S,24,5864626,-12,-3,715,1000,1,0
$IT,S,25,5864646,-15,-4,724,1000,1,0
$IT,S,26,5864666,-19,-4,733,1000,1,0
$IT,S,27,5864686,-20,-4,743,1000,1,0
$IT,S,28,5864706,-23,-5,752,1000,1,0
$IT,S,29,5864726,-25,-7,761,1000,1,0
$IT,S,30,5864747,-27,-8,771,1000,1,0
$IT,S,31,5864767,-30,-9,780,1000,1,0
$IT,S,32,5864787,-33,-10,790,1000,1,0
$IT,S,33,5864807,-35,-11,799,1000,1,0
$IT,S,34,5864828,-36,-12,809,1000,1,0
$IT,S,35,5864847,-39,-12,818,1000,1,0
$IT,P,36,12,257
$IT,S,36,5864867,-40,-12,828,1000,1,0
$IT,S,37,5864887,-41,-12,837,1000,1,0
$IT,S,38,5864907,-41,-12,847,1000,1,0
$IT,S,39,5864927,-40,-11,856,1000,1,0
$IT,S,40,5864947,-38,-10,866,1000,1,0
$IT,S,41,5864967,-38,-10,875,1000,1,0
$IT,S,42,5864987,-38,-10,885,1000,1,0
$IT,S,43,5865007,-36,-9,894,1000,1,0
$IT,S,44,5865027,-35,-7,904,1000,1,0
$IT,S,45,5865047,-33,-7,913,1000,1,0
$IT,S,46,5865067,-32,-7,923,1000,1,0
$IT,S,47,5865088,-30,-5,932,1000,1,0
$IT,P,48,12,257
$IT,S,48,5865108,-25,-4,942,1000,1,0
$IT,S,49,5865128,-22,-2,951,1000,1,0
$IT,S,50,5865148,-20,-1,961,1000,1,0
$IT,S,51,5865168,-19,1,971,1000,1,0
$IT,S,52,5865187,-16,2,980,1000,1,0
$IT,S,53,5865206,-15,2,990,1000,1,0
$IT,S,54,5865227,-16,2,0,1000,1,0
$IT,S,55,5865246,-15,2,9,1000,1,0
$IT,S,56,5865266,-14,3,19,1000,1,0
$IT,S,57,5865286,-14,2,29,1000,1,0
$IT,S,58,5865306,-15,1,39,1000,1,0
$IT,S,59,5865326,-15,1,48,1000,1,0
$IT,P,60,12,257
$IT,S,60,5865347,-16,1,58,1000,1,0
$IT,S,61,5865367,-17,-1,68,1000,1,0
$IT,S,62,5865387,-19,-1,78,1000,1,0
$IT,S,63,5865407,-20,-1,87,1000,1,0
$IT,S,64,5865427,-21,-2,97,1000,1,0
$IT,S,65,5865447,-22,-3,107,1000,1,0
$IT,S,66,5865467,-22,-3,116,991,1,0
$IT,S,67,5865486,-21,-3,126,991,1,0
$IT,S,68,5865506,-19,-4,136,991,1,0
$IT,S,69,5865526,-15,-4,145,991,1,0
$IT,S,70,5865547,-9,-5,155,991,1,0
$IT,S,71,5865567,-4,-7,165,991,1,0
$IT,P,72,12,257
$IT,S,72,5865587,3,-7,174,1000,1,0
$IT,S,73,5865607,10,-7,184,1000,1,0
$IT,S,74,5865627,13,-7,194,1000,1,0
$IT,S,75,5865647,20,-7,204,1000,1,0
$IT,S,76,5865667,26,-7,213,1000,1,0
$IT,S,77,5865687,31,-5,223,1000,1,0
$IT,S,78,5865708,37,-5,233,1000,1,0
$IT,S,79,5865727,42,-4,242,1000,1,0
$IT,S,80,5865747,46,-3,252,1000,1,0
$IT,S,81,5865767,50,-2,262,1000,1,0
$IT,S,82,5865787,53,-1,272,1000,1,0
$IT,S,83,5865807,53,-1,281,1000,1,0
$IT,P,84,12,257
$IT,S,84,5865827,53,-1,291,1000,1,0
$IT,S,85,5865847,53,-1,301,1000,1,0
$IT,S,86,5865867,53,-1,311,1000,1,0
$IT,S,87,5865887,51,-2,320,1000,1,0
$IT,S,88,5865907,50,-3,330,1000,1,0
$IT,S,89,5865927,50,-4,340,1000,1,0
$IT,S,90,5865947,49,-4,349,1000,1,0
$IT,S,91,5865967,49,-4,359,1000,1,0
$IT,S,92,5865987,48,-5,369,1000,1,0
$IT,S,93,5866007,47,-6,379,1000,1,0
$IT,S,94,5866027,46,-6,388,1000,1,0
$IT,S,95,5866047,45,-7,398,1000,1,0
$IT,P,96,12,257
$IT,S,96,5866067,43,-7,408,1000,1,0
$IT,S,97,5866087,40,-7,418,1000,1,0
$IT,S,98,5866106,36,-5,427,1000,1,0
$IT,S,99,5866128,33,-5,437,1000,1,0
$IT,S,100,5866148,31,-5,447,1000,1,0
$IT,S,101,5866168,29,-5,456,1000,1,0
$IT,S,102,5866187,27,-5,466,1000,1,0
$IT,S,103,5866206,23,-4,476,1000,1,0
$IT,S,104,5866226,16,-3,485,1000,1,0
$IT,S,105,5866246,12,-2,495,1000,1,0
$IT,S,106,5866266,6,-1,505,1000,1,0
$IT,S,107,5866286,-1,2,514,1000,1,0
$IT,P,108,12,257
$IT,S,108,5866306,-5,3,524,1000,1,0
$IT,S,109,5866326,-9,1,533,1000,1,0
$IT,S,110,5866346,-14,1,543,1000,1,0
$IT,S,111,5866366,-19,1,553,1000,1,0
$IT,S,112,5866387,-24,0,562,1000,1,0
$IT,S,113,5866407,-27,0,572,1000,1,0
$IT,S,114,5866427,-31,-1,581,1000,1,0
$IT,S,115,5866446,-33,-1,591,1000,1,0
$IT,S,116,5866467,-38,-2,601,1000,1,0
$IT,S,117,5866487,-42,-2,610,1000,1,0
$IT,S,118,5866507,-44,-3,620,1000,1,0
$IT,S,119,5866527,-47,-3,629,1000,1,0
$IT,P,120,12,257
$IT,S,120,5866547,-50,-4,639,1000,1,0
$IT,S,121,5866567,-52,-4,648,1000,1,0
$IT,S,122,5866587,-53,-5,658,1000,1,0
$IT,S,123,5866607,-53,-6,668,1000,1,0
$IT,S,124,5866628,-53,-5,677,1000,1,0
$IT,S,125,5866648,-51,-5,687,1000,1,0
$IT,S,126,5866661,-50,-5,696,1000,1,0
$IT,S,127,5866680,-47,-5,706,1000,1,0
$IT,S,128,5866700,-46,-5,715,1000,1,0
$IT,S,129,5866720,-45,-5,723,1000,1,0
$IT,S,130,5866740,-44,-5,732,1000,1,0
$IT,S,131,5866760,-43,-5,741,1000,1,0
$IT,P,132,12,257
$IT,S,132,5866780,-43,-5,749,1000,1,0
$IT,S,133,5866800,-44,-5,757,1000,1,0
$IT,S,134,5866822,-45,-5,765,1000,1,0
$IT,S,135,5866841,-46,-5,774,1000,1,0
$IT,S,136,5866863,-47,-6,782,1000,1,0
$IT,S,137,5866883,-48,-6,790,1000,1,0
$IT,S,138,5866903,-48,-5,798,1000,1,0
$IT,S,139,5866923,-50,-5,807,1000,1,0
$IT,S,140,5866943,-50,-5,815,1000,1,0
$IT,S,141,5866962,-51,-5,823,1000,1,0
$IT,S,142,5866981,-50,-4,831,1000,1,0
$IT,S,143,5867001,-48,-4,840,1000,1,0
$IT,P,144,12,257
$IT,S,144,5867022,-48,-4,848,1000,1,0
$IT,S,145,5867042,-52,-4,856,1000,1,0
$IT,S,146,5867062,-56,-4,864,1000,1,0
$IT,S,147,5867083,-58,-4,872,1000,1,0
$IT,S,148,5867104,-58,-5,881,1000,1,0
$IT,S,149,5867124,-55,-5,889,1000,1,0
$IT,S,150,5867144,-51,-4,897,1000,1,0
$IT,S,151,5867162,-44,-3,905,1000,1,0
$IT,S,152,5867182,-37,-1,914,1000,1,0
$IT,S,153,5867202,-34,1,922,1000,1,0
$IT,S,154,5867221,-31,1,930,1000,1,0
$IT,S,155,5867241,-28,0,938,1000,1,0
$IT,P,156,12,257
$IT,S,156,5867261,-23,-1,947,1000,1,0
$IT,S,157,5867281,-19,-2,955,1000,1,0
$IT,S,158,5867301,-19,-3,963,1000,1,0
$IT,S,159,5867321,-17,-3,971,1000,1,0
$IT,S,160,5867341,-15,-3,979,1000,1,0
$IT,S,161,5867360,-15,-4,988,1000,1,0
$IT,S,162,5867380,-15,-4,996,1000,1,0
$IT,S,163,5867400,-15,-4,4,1000,1,0
$IT,S,164,5867420,-17,-3,12,1000,1,0
$IT,S,165,5867440,-19,-3,21,1000,1,0
$IT,S,166,5867461,-20,-3,29,1000,1,0
$IT,S,167,5867481,-21,-3,37,1000,1,0
$IT,P,168,12,257
$IT,S,168,5867504,-22,-3,45,1000,1,0
$IT,S,169,5867524,-22,-2,54,1000,1,0
$IT,S,170,5867544,-23,-2,62,1000,1,0
$IT,S,171,5867564,-24,-3,70,1000,1,0
$IT,S,172,5867581,-24,-3,78,1000,1,0
$IT,S,173,5867601,-21,-4,86,1000,1,0
$IT,S,174,5867621,-19,-4,95,1000,1,0
$IT,S,175,5867641,-16,-4,103,1000,1,0
$IT,S,176,5867661,-14,-4,111,1000,1,0
$IT,S,177,5867683,-12,-5,119,1000,1,0
$IT,S,178,5867703,-12,-7,128,1000,1,0
$IT,S,179,5867723,-12,-7,136,1000,1,0
$IT,P,180,12,257
$IT,S,180,5867741,-10,-7,144,1000,1,0
$IT,S,181,5867761,-7,-9,152,1000,1,0
$IT,S,182,5867781,-4,-10,161,1000,1,0
$IT,S,183,5867801,0,-11,169,1000,1,0
$IT,S,184,5867822,2,-12,177,1000,1,0
$IT,S,185,5867842,5,-12,185,1000,1,0
$IT,S,186,5867862,8,-12,193,1000,1,0
$IT,S,187,5867882,10,-12,202,1000,1,0
$IT,S,188,5867903,13,-12,210,1000,1,0
$IT,S,189,5867923,14,-12,218,1000,1,0
$IT,S,190,5867942,13,-12,226,1000,1,0
$IT,S,191,5867962,10,-10,235,1000,1,0
$IT,P,192,12,257
$IT,S,192,5867982,6,-8,243,1000,1,0
$IT,S,193,5868002,1,-5,251,1000,1,0
$IT,S,194,5868021,-5,-4,259,1000,1,0
$IT,S,195,5868041,-10,-2,267,1000,1,0
$IT,S,196,5868061,-11,-2,276,1000,1,0
$IT,S,197,5868081,-14,-2,284,1000,1,0
$IT,S,198,5868105,-17,-1,292,1000,1,0
$IT,S,199,5868121,-19,0,300,1000,1,0
$IT,S,200,5868140,-21,0,309,1000,1,0
$IT,S,201,5868161,-22,0,317,1000,1,0
$IT,S,202,5868181,-22,0,325,1000,1,0
$IT,S,203,5868200,-22,-1,333,1000,1,0
$IT,P,204,12,257
$IT,S,204,5868220,-21,-1,342,1000,1,0
$IT,S,205,5868240,-20,-1,350,1000,1,0
$IT,S,206,5868260,-19,-1,358,1000,1,0
$IT,S,207,5868277,-18,-1,358,1000,1,0
$IT,S,208,5868298,-17,-1,358,1000,1,0
$IT,S,209,5868318,-15,-1,358,1000,1,0
$IT,S,210,5868338,-14,-1,358,1000,1,0
$IT,S,211,5868358,-14,-1,358,1000,1,0
$IT,S,212,5868378,-13,-1,358,1000,1,0
$IT,S,213,5868398,-13,-1,358,1000,1,0
$IT,S,214,5868418,-14,-1,358,1000,1,0
$IT,S,215,5868438,-14,-1,358,1000,1,0
$IT,P,216,12,257
$IT,S,216,5868458,-15,-1,358,1000,1,0
$IT,S,217,5868478,-16,-1,358,1000,1,0
$IT,S,218,5868498,-17,-1,358,1000,1,0
$IT,S,219,5868518,-19,-1,358,1000,1,0
$IT,S,220,5868538,-19,-1,358,1000,1,0
$IT,S,221,5868558,-20,-1,358,1000,1,0
$IT,S,222,5868578,-19,-1,358,1000,1,0
$IT,S,223,5868598,-19,-1,358,1000,1,0
$IT,S,224,5868618,-19,-1,358,1000,1,0
$IT,S,225,5868638,-18,-1,358,1000,1,0
$IT,S,226,5868658,-17,-1,358,1000,1,0
$IT,S,227,5868678,-17,-1,358,1000,1,0
$IT,P,228,12,257
$IT,S,228,5868698,-16,-1,358,1000,1,0
$IT,S,229,5868718,-15,-1,358,1000,1,0
$IT,S,230,5868738,-15,-1,358,1000,1,0
$IT,S,231,5868757,-15,-1,358,1000,1,0
$IT,S,232,5868777,-14,-3,358,1000,1,0
$IT,S,233,5868797,-14,-4,358,1000,1,0
$IT,S,234,5868817,-14,-4,358,1000,1,0
$IT,S,235,5868837,-14,-4,358,1000,1,0
$IT,S,236,5868857,-15,-4,358,1000,1,0
$IT,S,237,5868877,-15,-4,358,1000,1,0
$IT,S,238,5868897,-15,-4,358,1000,1,0
$IT,S,239,5868917,-15,-4,358,1000,1,0
$IT,P,240,12,257
$IT,S,240,5868937,-17,-3,358,1000,1,0
$IT,S,241,5868957,-18,-1,358,1000,1,0
$IT,S,242,5868977,-17,-1,358,1000,1,0
$IT,S,243,5868997,-17,-1,358,1000,1,0
$IT,S,244,5869017,-17,-1,358,1000,1,0
$IT,S,245,5869037,-17,-1,358,1000,1,0
$IT,S,246,5869057,-16,-1,358,1000,1,0
$IT,S,247,5869077,-16,-1,358,1000,1,0
$IT,S,248,5869097,-16,-1,358,1000,1,0
$IT,S,249,5869117,-16,-2,358,1000,1,0
$IT,S,250,5869137,-15,-3,358,1000,1,0
$IT,S,251,5869158,-15,-3,358,1000,1,0
$IT,P,252,5,257
$IT,S,252,5869178,-15,-3,358,1000,1,0
$IT,S,253,5869198,-16,-3,358,1000,1,0
$IT,S,254,5869218,-16,-3,358,1000,1,0
$IT,S,255,5869238,-17,-3,358,1000,1,0
$IT,S,256,5869258,-17,-2,358,1000,1,0
$IT,END
