$JT,M,1,256,512,0,0,23,3400,254
$JT,R,s-native-v6-2-7-v77
$JT,J,0,1,1929,-1
$JT,J,1,2,2077,-1
$JT,J,2,3,1965,1
$JT,J,3,4,2089,1
$JT,J,4,5,1922,1
$JT,J,5,6,2081,-1
$JT,J,6,7,2104,-1
$JT,J,7,8,1942,-1
$JT,J,8,9,1964,1
$JT,J,9,10,1951,1
$JT,J,10,11,2255,1
$JT,J,11,12,2046,-1
$JT,P,0,12,768
$JT,C,0,5864160,5864160,1929,1554,2989,2089,2445,1057,2104,1419,2988,1951,2778,1022
$JT,C,1,5864181,5864182,1929,1554,2989,2089,2445,1057,2104,1419,2988,1951,2778,1022
$JT,C,2,5864202,5864202,1929,1554,2989,2089,2447,1055,2104,1417,2990,1951,2778,1022
$JT,C,3,5864222,5864222,1929,1554,2989,2089,2450,1050,2104,1414,2995,1951,2778,1022
$JT,C,4,5864240,5864241,1929,1554,2989,2089,2454,1042,2104,1410,3003,1951,2778,1022
$JT,C,5,5864260,5864261,1929,1554,2989,2090,2460,1032,2104,1404,3013,1951,2778,1022
$JT,C,6,5864281,5864282,1929,1554,2989,2091,2469,1018,2104,1396,3026,1951,2778,1022
$JT,C,7,5864301,5864302,1929,1554,2989,2092,2478,1004,2104,1387,3039,1951,2778,1022
$JT,C,8,5864321,5864322,1929,1554,2989,2094,2487,989,2104,1378,3054,1951,2778,1022
$JT,C,9,5864341,5864342,1929,1555,2989,2095,2498,975,2104,1369,3067,1951,2777,1022
$JT,C,10,5864361,5864362,1929,1555,2989,2097,2506,963,2104,1361,3078,1951,2777,1022
$JT,C,11,5864380,5864381,1929,1555,2989,2099,2513,953,2104,1354,3086,1951,2777,1022
$JT,P,12,12,768
$JT,C,12,5864400,5864401,1929,1555,2989,2103,2518,947,2104,1349,3092,1951,2777,1022
$JT,C,13,5864420,5864421,1929,1555,2989,2106,2523,943,2104,1347,3094,1951,2778,1022
$JT,C,14,5864440,5864441,1929,1554,2989,2109,2525,941,2104,1345,3094,1951,2778,1022
$JT,C,15,5864460,5864461,1929,1554,2989,2114,2528,940,2104,1342,3094,1951,2778,1022
$JT,C,16,5864480,5864481,1929,1552,2989,2119,2531,938,2104,1341,3094,1951,2780,1022
$JT,C,17,5864500,5864501,1929,1551,2989,2123,2533,935,2104,1340,3094,1951,2781,1022
$JT,C,18,5864520,5864521,1929,1550,2989,2128,2535,933,2104,1339,3094,1951,2782,1022
$JT,C,19,5864540,5864541,1929,1548,2989,2133,2538,932,2104,1338,3094,1951,2784,1022
$JT,C,20,5864560,5864561,1929,1547,2989,2139,2539,930,2104,1338,3094,1951,2786,1022
$JT,C,21,5864580,5864581,1929,1543,2989,2145,2540,927,2104,1338,3094,1951,2789,1022
$JT,C,22,5864600,5864601,1929,1541,2989,2152,2541,925,2104,1338,3094,1951,2792,1022
$JT,C,23,5864620,5864621,1929,1538,2989,2158,2542,923,2104,1339,3094,1951,2795,1022
$JT,P,24,12,768
$JT,C,24,5864640,5864641,1929,1534,2988,2165,2542,920,2104,1339,3094,1951,2799,1023
$JT,C,25,5864660,5864661,1929,1530,2988,2172,2542,918,2104,1341,3094,1951,2802,1023
$JT,C,26,5864680,5864681,1929,1525,2988,2179,2542,916,2104,1342,3094,1951,2807,1023
$JT,C,27,5864700,5864701,1929,1521,2987,2186,2541,915,2104,1345,3094,1951,2811,1024
$JT,C,28,5864720,5864721,1929,1516,2987,2194,2540,913,2104,1347,3094,1951,2816,1024
$JT,C,29,5864740,5864741,1929,1512,2986,2201,2539,911,2104,1349,3094,1951,2820,1025
$JT,C,30,5864760,5864761,1929,1506,2984,2207,2538,910,2104,1351,3094,1951,2825,1027
$JT,C,31,5864780,5864781,1929,1500,2983,2214,2536,909,2104,1354,3094,1951,2830,1028
$JT,C,32,5864800,5864801,1929,1496,2982,2222,2534,908,2104,1357,3094,1951,2835,1029
$JT,C,33,5864821,5864822,1929,1490,2980,2229,2533,907,2104,1359,3094,1951,2840,1030
$JT,C,34,5864840,5864841,1929,1485,2979,2235,2531,906,2104,1363,3095,1951,2844,1031
$JT,C,35,5864860,5864861,1929,1481,2978,2241,2528,906,2104,1365,3095,1951,2849,1032
$JT,P,36,12,768
$JT,C,36,5864880,5864881,1929,1476,2975,2247,2527,905,2104,1367,3094,1951,2852,1035
$JT,C,37,5864900,5864901,1929,1472,2974,2253,2525,905,2104,1371,3094,1951,2857,1036
$JT,C,38,5864920,5864921,1929,1467,2972,2259,2524,905,2104,1373,3094,1951,2860,1037
$JT,C,39,5864940,5864941,1929,1464,2971,2264,2522,905,2104,1375,3094,1951,2864,1039
$JT,C,40,5864960,5864961,1929,1461,2969,2269,2520,905,2104,1377,3094,1951,2866,1040
$JT,C,41,5864980,5864981,1929,1458,2967,2273,2519,905,2104,1379,3094,1951,2868,1041
$JT,C,42,5865000,5865001,1929,1456,2966,2277,2518,905,2104,1380,3094,1951,2871,1042
$JT,C,43,5865020,5865021,1929,1453,2965,2280,2516,908,2104,1383,3090,1951,2873,1044
$JT,C,44,5865040,5865041,1929,1451,2964,2284,2511,914,2104,1387,3085,1951,2874,1044
$JT,C,45,5865060,5865061,1929,1450,2963,2286,2506,923,2104,1394,3076,1951,2875,1045
$JT,C,46,5865082,5865082,1929,1449,2962,2288,2499,935,2104,1400,3063,1951,2876,1045
$JT,C,47,5865102,5865102,1929,1448,2962,2289,2491,950,2104,1408,3049,1951,2877,1046
$JT,P,48,12,768
$JT,C,48,5865122,5865122,1929,1448,2961,2292,2483,965,2104,1417,3034,1951,2877,1046
$JT,C,49,5865142,5865142,1929,1447,2961,2293,2475,980,2104,1425,3020,1951,2877,1046
$JT,C,50,5865162,5865162,1929,1447,2961,2293,2468,993,2104,1433,3006,1951,2877,1046
$JT,C,51,5865180,5865181,1929,1446,2961,2294,2462,1002,2104,1439,2997,1951,2877,1046
$JT,C,52,5865200,5865201,1929,1446,2959,2294,2459,1009,2104,1443,2990,1951,2877,1046
$JT,C,53,5865220,5865221,1929,1446,2959,2294,2458,1011,2104,1445,2988,1951,2877,1046
$JT,C,54,5865240,5865241,1929,1446,2959,2294,2458,1013,2104,1445,2987,1951,2877,1046
$JT,C,55,5865260,5865261,1929,1444,2961,2294,2458,1013,2104,1445,2987,1951,2877,1045
$JT,C,56,5865280,5865281,1929,1443,2963,2294,2458,1013,2104,1445,2987,1951,2880,1042
$JT,C,57,5865300,5865301,1929,1440,2970,2294,2458,1013,2104,1444,2987,1951,2883,1036
$JT,C,58,5865320,5865321,1929,1434,2981,2294,2459,1013,2104,1444,2988,1951,2889,1024
$JT,C,59,5865342,5865342,1928,1426,2995,2293,2459,1013,2105,1443,2988,1950,2896,1011
$JT,P,60,12,768
$JT,C,60,5865362,5865362,1928,1418,3011,2293,2460,1011,2105,1441,2988,1950,2904,995
$JT,C,61,5865382,5865382,1927,1410,3028,2292,2461,1011,2106,1440,2989,1949,2911,979
$JT,C,62,5865402,5865402,1926,1403,3044,2290,2464,1011,2107,1438,2989,1948,2918,963
$JT,C,63,5865421,5865422,1924,1399,3057,2289,2465,1011,2109,1436,2990,1946,2924,949
$JT,C,64,5865441,5865442,1923,1395,3069,2288,2467,1011,2110,1432,2991,1945,2926,938
$JT,C,65,5865461,5865462,1922,1395,3077,2287,2470,1011,2111,1429,2991,1944,2926,931
$JT,C,66,5865480,5865481,1920,1398,3081,2285,2473,1010,2113,1425,2993,1942,2925,926
$JT,C,67,5865500,5865501,1918,1401,3085,2282,2476,1010,2115,1421,2994,1940,2922,923
$JT,C,68,5865520,5865521,1916,1406,3087,2280,2480,1010,2117,1416,2996,1938,2918,921
$JT,C,69,5865542,5865542,1913,1410,3090,2278,2483,1010,2120,1412,2997,1935,2914,918
$JT,C,70,5865562,5865562,1911,1414,3093,2276,2487,1010,2122,1406,2998,1933,2910,916
$JT,C,71,5865582,5865582,1909,1418,3096,2272,2491,1010,2124,1402,2999,1931,2906,913
$JT,P,72,12,768
$JT,C,72,5865602,5865602,1905,1424,3098,2270,2495,1010,2128,1396,3001,1927,2902,910
$JT,C,73,5865622,5865622,1902,1428,3102,2266,2500,1010,2131,1389,3002,1924,2898,908
$JT,C,74,5865642,5865642,1898,1433,3104,2263,2505,1011,2135,1383,3003,1920,2893,906
$JT,C,75,5865662,5865662,1895,1438,3107,2260,2509,1011,2138,1378,3004,1917,2890,904
$JT,C,76,5865680,5865681,1891,1443,3110,2256,2514,1013,2142,1371,3004,1913,2885,901
$JT,C,77,5865702,5865702,1888,1448,3112,2253,2518,1014,2145,1365,3005,1910,2882,899
$JT,C,78,5865720,5865721,1885,1452,3114,2249,2522,1014,2148,1359,3005,1907,2879,897
$JT,C,79,5865740,5865741,1880,1457,3115,2245,2526,1015,2153,1353,3006,1902,2875,896
$JT,C,80,5865760,5865761,1877,1460,3118,2241,2531,1016,2156,1347,3006,1899,2872,893
$JT,C,81,5865780,5865781,1873,1465,3120,2238,2534,1017,2160,1341,3006,1895,2868,892
$JT,C,82,5865800,5865801,1870,1469,3121,2233,2538,1018,2163,1337,3006,1892,2865,890
$JT,C,83,5865820,5865821,1865,1473,3122,2230,2541,1021,2168,1331,3006,1887,2863,889
$JT,P,84,12,768
$JT,C,84,5865840,5865841,1862,1476,3123,2227,2544,1022,2171,1326,3006,1884,2860,888
$JT,C,85,5865860,5865861,1858,1480,3124,2223,2548,1023,2175,1321,3006,1880,2858,887
$JT,C,86,5865880,5865881,1855,1482,3126,2220,2550,1025,2178,1317,3005,1877,2856,885
$JT,C,87,5865900,5865901,1852,1485,3127,2216,2553,1026,2181,1313,3005,1874,2855,884
$JT,C,88,5865920,5865921,1849,1488,3128,2214,2556,1027,2184,1309,3005,1871,2852,883
$JT,C,89,5865940,5865941,1846,1490,3128,2211,2558,1030,2187,1306,3004,1868,2851,882
$JT,C,90,5865960,5865961,1844,1492,3129,2208,2559,1031,2189,1303,3004,1866,2850,882
$JT,C,91,5865980,5865981,1841,1493,3129,2205,2561,1032,2192,1299,3003,1863,2849,881
$JT,C,92,5866000,5866001,1838,1496,3130,2203,2563,1033,2195,1297,3003,1860,2848,881
$JT,C,93,5866020,5866021,1837,1497,3130,2201,2565,1034,2196,1295,3002,1859,2847,880
$JT,C,94,5866040,5866041,1835,1499,3130,2199,2566,1035,2198,1292,3002,1857,2846,881
$JT,C,95,5866060,5866061,1832,1501,3127,2197,2567,1037,2201,1290,3002,1854,2843,884
$JT,P,96,12,768
$JT,C,96,5866080,5866081,1831,1506,3119,2196,2567,1038,2202,1289,3001,1853,2839,891
$JT,C,97,5866100,5866101,1830,1513,3108,2195,2568,1038,2203,1288,3001,1852,2833,901
$JT,C,98,5866122,5866122,1829,1519,3096,2194,2569,1039,2204,1287,3001,1851,2825,914
$JT,C,99,5866142,5866142,1829,1529,3081,2193,2569,1039,2204,1286,3001,1851,2817,929
$JT,C,100,5866162,5866162,1828,1537,3066,2193,2569,1040,2205,1286,3001,1850,2809,943
$JT,C,101,5866182,5866182,1828,1543,3053,2191,2571,1040,2205,1286,3001,1850,2801,957
$JT,C,102,5866200,5866201,1827,1549,3041,2191,2571,1040,2206,1284,3001,1849,2794,969
$JT,C,103,5866220,5866221,1827,1554,3035,2191,2571,1040,2206,1284,3001,1849,2791,976
$JT,C,104,5866240,5866241,1827,1556,3030,2191,2571,1040,2206,1284,3001,1849,2787,980
$JT,C,105,5866260,5866261,1827,1557,3029,2191,2571,1040,2206,1284,3001,1849,2787,982
$JT,C,106,5866280,5866281,1827,1556,3029,2191,2571,1040,2206,1284,3001,1849,2787,982
$JT,C,107,5866300,5866301,1827,1556,3029,2191,2572,1039,2206,1284,3002,1849,2787,982
$JT,P,108,12,768
$JT,C,108,5866320,5866321,1827,1556,3029,2191,2574,1034,2206,1282,3006,1849,2787,982
$JT,C,109,5866340,5866341,1827,1556,3029,2191,2578,1026,2206,1278,3014,1849,2787,982
$JT,C,110,5866360,5866361,1827,1555,3029,2191,2584,1015,2206,1271,3026,1849,2789,982
$JT,C,111,5866382,5866382,1827,1555,3029,2191,2592,1000,2206,1264,3040,1849,2789,982
$JT,C,112,5866402,5866402,1827,1554,3029,2191,2600,985,2206,1256,3055,1849,2790,982
$JT,C,113,5866422,5866422,1827,1551,3029,2191,2607,969,2206,1249,3071,1849,2791,982
$JT,C,114,5866440,5866441,1827,1549,3029,2191,2613,956,2206,1243,3086,1849,2792,981
$JT,C,115,5866462,5866462,1827,1547,3029,2191,2616,944,2206,1240,3097,1849,2794,981
$JT,C,116,5866482,5866482,1827,1545,3029,2191,2617,935,2206,1239,3106,1849,2797,981
$JT,C,117,5866500,5866501,1827,1541,3029,2191,2616,930,2206,1240,3112,1849,2799,981
$JT,C,118,5866520,5866521,1827,1539,3030,2191,2613,927,2206,1243,3114,1849,2802,981
$JT,C,119,5866540,5866541,1827,1534,3030,2191,2609,926,2206,1248,3117,1849,2806,981
$JT,P,120,12,768
$JT,C,120,5866560,5866561,1827,1531,3030,2191,2605,924,2206,1253,3119,1849,2809,982
$JT,C,121,5866580,5866581,1827,1526,3030,2191,2599,923,2206,1258,3120,1849,2813,982
$JT,C,122,5866600,5866601,1827,1522,3029,2191,2594,922,2206,1263,3121,1849,2817,982
$JT,C,123,5866622,5866622,1827,1517,3029,2191,2589,920,2206,1268,3123,1849,2820,982
$JT,C,124,5866642,5866642,1827,1513,3029,2191,2584,919,2206,1274,3125,1849,2825,983
$JT,C,125,5866656,5866656,1827,1513,3029,2191,2584,919,2206,1274,3125,1849,2825,983
$JT,C,126,5866674,5866675,1827,1513,3029,2191,2584,919,2206,1274,3125,1849,2825,983
$JT,C,127,5866694,5866695,1827,1513,3029,2191,2584,919,2206,1274,3125,1849,2825,983
$JT,C,128,5866714,5866715,1827,1513,3029,2191,2584,919,2206,1274,3125,1849,2825,983
$JT,C,129,5866734,5866735,1827,1513,3029,2191,2584,919,2206,1274,3125,1849,2825,983
$JT,C,130,5866754,5866755,1827,1513,3029,2191,2584,919,2206,1274,3125,1849,2825,983
$JT,C,131,5866774,5866775,1827,1513,3029,2191,2584,919,2206,1274,3125,1849,2825,983
$JT,P,132,12,768
$JT,C,132,5866794,5866795,1827,1513,3029,2191,2584,919,2206,1274,3125,1849,2825,983
$JT,C,133,5866816,5866816,1827,1513,3029,2189,2583,919,2204,1275,3125,1849,2825,983
$JT,C,134,5866836,5866836,1827,1513,3029,2181,2576,920,2196,1282,3123,1849,2825,983
$JT,C,135,5866857,5866858,1827,1513,3029,2163,2564,924,2178,1296,3120,1849,2825,983
$JT,C,136,5866877,5866878,1827,1513,3029,2140,2547,930,2155,1314,3115,1849,2825,983
$JT,C,137,5866897,5866898,1827,1513,3029,2117,2528,938,2132,1334,3107,1849,2825,983
$JT,C,138,5866917,5866918,1827,1513,3029,2099,2514,945,2114,1350,3100,1849,2825,983
$JT,C,139,5866937,5866938,1827,1513,3029,2090,2506,950,2105,1358,3095,1849,2825,983
$JT,C,140,5866956,5866956,1827,1513,3029,2089,2505,951,2104,1359,3094,1849,2825,983
$JT,C,141,5866974,5866975,1827,1513,3029,2089,2505,951,2104,1359,3094,1849,2825,983
$JT,C,142,5866994,5866995,1827,1513,3029,2089,2505,951,2104,1359,3094,1849,2825,983
$JT,C,143,5867016,5867016,1827,1513,3029,2089,2503,951,2104,1361,3094,1849,2825,983
$JT,P,144,12,768
$JT,C,144,5867036,5867036,1827,1513,3029,2089,2501,957,2104,1363,3088,1849,2825,983
$JT,C,145,5867056,5867056,1827,1513,3029,2089,2495,967,2104,1369,3078,1849,2825,983
$JT,C,146,5867077,5867078,1827,1513,3029,2089,2486,983,2104,1378,3062,1849,2825,983
$JT,C,147,5867097,5867098,1827,1513,3029,2089,2475,1002,2104,1389,3043,1849,2825,983
$JT,C,148,5867117,5867118,1827,1513,3029,2089,2465,1022,2104,1399,3023,1849,2825,983
$JT,C,149,5867137,5867138,1827,1513,3029,2089,2456,1039,2104,1408,3006,1849,2825,983
$JT,C,150,5867156,5867156,1827,1513,3029,2089,2449,1050,2104,1415,2995,1849,2825,983
$JT,C,151,5867176,5867176,1827,1513,3029,2089,2447,1056,2104,1417,2989,1849,2825,983
$JT,C,152,5867196,5867196,1827,1513,3029,2089,2445,1057,2104,1419,2988,1849,2825,983
$JT,C,153,5867214,5867215,1827,1513,3029,2089,2445,1057,2104,1419,2988,1849,2825,983
$JT,C,154,5867234,5867235,1827,1513,3029,2089,2445,1057,2104,1419,2988,1849,2825,983
$JT,C,155,5867254,5867255,1827,1513,3029,2089,2445,1057,2104,1419,2988,1849,2825,983
$JT,P,156,12,768
$JT,C,156,5867274,5867275,1827,1513,3029,2089,2445,1057,2104,1419,2988,1849,2825,983
$JT,C,157,5867294,5867295,1827,1513,3029,2089,2445,1057,2104,1419,2988,1849,2825,983
$JT,C,158,5867314,5867315,1827,1513,3029,2089,2445,1057,2104,1419,2988,1849,2825,983
$JT,C,159,5867334,5867335,1827,1513,3029,2089,2445,1057,2104,1419,2988,1849,2825,983
$JT,C,160,5867354,5867355,1827,1513,3029,2089,2445,1057,2104,1419,2988,1849,2825,983
$JT,C,161,5867374,5867375,1827,1513,3029,2089,2445,1057,2104,1419,2988,1849,2825,983
$JT,C,162,5867394,5867395,1827,1513,3029,2089,2445,1057,2104,1419,2988,1849,2825,983
$JT,C,163,5867414,5867415,1827,1513,3029,2089,2445,1057,2104,1419,2988,1849,2825,983
$JT,C,164,5867434,5867435,1827,1513,3029,2089,2445,1057,2104,1419,2988,1849,2825,983
$JT,C,165,5867456,5867456,1827,1512,3030,2089,2445,1057,2104,1419,2988,1849,2826,981
$JT,C,166,5867476,5867476,1827,1508,3037,2089,2445,1057,2104,1419,2988,1849,2830,974
$JT,C,167,5867497,5867498,1827,1500,3050,2089,2445,1057,2104,1419,2988,1849,2838,961
$JT,P,168,12,768
$JT,C,168,5867517,5867518,1827,1490,3069,2089,2445,1057,2104,1419,2988,1849,2848,942
$JT,C,169,5867537,5867538,1827,1480,3086,2089,2445,1057,2104,1419,2988,1849,2858,925
$JT,C,170,5867557,5867558,1827,1473,3099,2089,2445,1057,2104,1419,2988,1849,2866,912
$JT,C,171,5867576,5867576,1827,1468,3106,2089,2445,1057,2104,1419,2988,1849,2869,906
$JT,C,172,5867596,5867596,1827,1468,3107,2089,2445,1057,2104,1419,2988,1849,2871,904
$JT,C,173,5867616,5867616,1829,1468,3107,2089,2445,1057,2104,1419,2988,1851,2869,905
$JT,C,174,5867636,5867636,1837,1472,3105,2089,2445,1057,2104,1419,2988,1859,2866,906
$JT,C,175,5867656,5867656,1855,1477,3101,2089,2445,1057,2104,1419,2988,1877,2859,910
$JT,C,176,5867677,5867678,1878,1486,3093,2089,2445,1057,2104,1419,2988,1900,2849,918
$JT,C,177,5867697,5867698,1901,1496,3083,2089,2445,1057,2104,1419,2988,1923,2838,928
$JT,C,178,5867717,5867718,1919,1504,3075,2089,2445,1057,2104,1419,2988,1941,2828,936
$JT,C,179,5867736,5867736,1928,1508,3071,2089,2445,1057,2104,1419,2988,1950,2824,940
$JT,P,180,12,768
$JT,C,180,5867756,5867756,1929,1509,3070,2089,2445,1057,2104,1419,2988,1951,2823,941
$JT,C,181,5867774,5867775,1929,1509,3070,2089,2445,1057,2104,1419,2988,1951,2823,941
$JT,C,182,5867794,5867795,1929,1509,3070,2089,2445,1057,2104,1419,2988,1951,2823,941
$JT,C,183,5867816,5867816,1929,1509,3069,2089,2445,1057,2104,1419,2988,1951,2823,942
$JT,C,184,5867836,5867836,1929,1512,3065,2089,2445,1057,2104,1419,2988,1951,2820,946
$JT,C,185,5867856,5867856,1929,1516,3057,2089,2445,1057,2104,1419,2988,1951,2816,954
$JT,C,186,5867876,5867876,1929,1523,3045,2089,2445,1057,2104,1419,2988,1951,2809,966
$JT,C,187,5867897,5867898,1929,1531,3030,2089,2445,1057,2104,1419,2988,1951,2801,981
$JT,C,188,5867917,5867918,1929,1539,3015,2089,2445,1057,2104,1419,2988,1951,2793,996
$JT,C,189,5867936,5867936,1929,1546,3003,2089,2445,1057,2104,1419,2988,1951,2786,1008
$JT,C,190,5867956,5867956,1929,1551,2994,2089,2445,1057,2104,1419,2988,1951,2781,1017
$JT,C,191,5867976,5867976,1929,1554,2990,2089,2445,1057,2104,1419,2988,1951,2778,1021
$JT,P,192,12,768
$JT,C,192,5867996,5867996,1929,1554,2989,2089,2445,1057,2104,1419,2988,1951,2778,1022
$JT,C,193,5868014,5868015,1929,1554,2989,2089,2445,1057,2104,1419,2988,1951,2778,1022
$JT,C,194,5868034,5868035,1929,1554,2989,2089,2445,1057,2104,1419,2988,1951,2778,1022
$JT,C,195,5868054,5868055,1929,1554,2989,2089,2445,1057,2104,1419,2988,1951,2778,1022
$JT,C,196,5868074,5868075,1929,1554,2989,2089,2445,1057,2104,1419,2988,1951,2778,1022
$JT,C,197,5868094,5868095,1929,1554,2989,2089,2445,1057,2104,1419,2988,1951,2778,1022
$JT,C,198,5868114,5868115,1929,1554,2989,2089,2445,1057,2104,1419,2988,1951,2778,1022
$JT,C,199,5868134,5868135,1929,1554,2989,2089,2445,1057,2104,1419,2988,1951,2778,1022
$JT,C,200,5868154,5868155,1929,1554,2989,2089,2445,1057,2104,1419,2988,1951,2778,1022
$JT,C,201,5868174,5868175,1929,1554,2989,2089,2445,1057,2104,1419,2988,1951,2778,1022
$JT,C,202,5868194,5868195,1929,1554,2989,2089,2445,1057,2104,1419,2988,1951,2778,1022
$JT,C,203,5868214,5868215,1929,1554,2989,2089,2445,1057,2104,1419,2988,1951,2778,1022
$JT,P,204,12,768
$JT,C,204,5868234,5868235,1929,1554,2989,2089,2445,1057,2104,1419,2988,1951,2778,1022
$JT,C,205,5868254,5868255,1929,1554,2989,2089,2445,1057,2104,1419,2988,1951,2778,1022
$JT,C,206,5868272,5868272,1929,1554,2989,2089,2445,1057,2104,1419,2988,1951,2778,1022
$JT,C,207,5868292,5868292,1929,1554,2989,2089,2445,1057,2104,1419,2988,1951,2778,1022
$JT,C,208,5868312,5868312,1929,1554,2989,2089,2445,1057,2104,1419,2988,1951,2778,1022
$JT,C,209,5868332,5868332,1929,1554,2989,2089,2445,1057,2104,1419,2988,1951,2778,1022
$JT,C,210,5868352,5868352,1929,1554,2989,2089,2445,1057,2104,1419,2988,1951,2778,1022
$JT,C,211,5868372,5868372,1929,1554,2989,2089,2445,1057,2104,1419,2988,1951,2778,1022
$JT,C,212,5868392,5868392,1929,1554,2989,2089,2445,1057,2104,1419,2988,1951,2778,1022
$JT,C,213,5868412,5868412,1929,1554,2989,2089,2445,1057,2104,1419,2988,1951,2778,1022
$JT,C,214,5868432,5868432,1929,1554,2989,2089,2445,1057,2104,1419,2988,1951,2778,1022
$JT,C,215,5868452,5868452,1929,1554,2989,2089,2445,1057,2104,1419,2988,1951,2778,1022
$JT,P,216,12,768
$JT,C,216,5868472,5868472,1929,1554,2989,2089,2445,1057,2104,1419,2988,1951,2778,1022
$JT,C,217,5868492,5868492,1929,1554,2989,2089,2445,1057,2104,1419,2988,1951,2778,1022
$JT,C,218,5868512,5868512,1929,1554,2989,2089,2445,1057,2104,1419,2988,1951,2778,1022
$JT,C,219,5868532,5868532,1929,1554,2989,2089,2445,1057,2104,1419,2988,1951,2778,1022
$JT,C,220,5868552,5868552,1929,1554,2989,2089,2445,1057,2104,1419,2988,1951,2778,1022
$JT,C,221,5868572,5868572,1929,1554,2989,2089,2445,1057,2104,1419,2988,1951,2778,1022
$JT,C,222,5868592,5868592,1929,1554,2989,2089,2445,1057,2104,1419,2988,1951,2778,1022
$JT,C,223,5868612,5868612,1929,1554,2989,2089,2445,1057,2104,1419,2988,1951,2778,1022
$JT,C,224,5868632,5868632,1929,1554,2989,2089,2445,1057,2104,1419,2988,1951,2778,1022
$JT,C,225,5868652,5868652,1929,1554,2989,2089,2445,1057,2104,1419,2988,1951,2778,1022
$JT,C,226,5868672,5868672,1929,1554,2989,2089,2445,1057,2104,1419,2988,1951,2778,1022
$JT,C,227,5868692,5868692,1929,1554,2989,2089,2445,1057,2104,1419,2988,1951,2778,1022
$JT,P,228,12,768
$JT,C,228,5868712,5868712,1929,1554,2989,2089,2445,1057,2104,1419,2988,1951,2778,1022
$JT,C,229,5868732,5868732,1929,1554,2989,2089,2445,1057,2104,1419,2988,1951,2778,1022
$JT,C,230,5868752,5868752,1929,1554,2989,2089,2445,1057,2104,1419,2988,1951,2778,1022
$JT,C,231,5868772,5868772,1929,1554,2989,2089,2445,1057,2104,1419,2988,1951,2778,1022
$JT,C,232,5868792,5868792,1929,1554,2989,2089,2445,1057,2104,1419,2988,1951,2778,1022
$JT,C,233,5868812,5868812,1929,1554,2989,2089,2445,1057,2104,1419,2988,1951,2778,1022
$JT,C,234,5868832,5868832,1929,1554,2989,2089,2445,1057,2104,1419,2988,1951,2778,1022
$JT,C,235,5868852,5868852,1929,1554,2989,2089,2445,1057,2104,1419,2988,1951,2778,1022
$JT,C,236,5868872,5868872,1929,1554,2989,2089,2445,1057,2104,1419,2988,1951,2778,1022
$JT,C,237,5868892,5868892,1929,1554,2989,2089,2445,1057,2104,1419,2988,1951,2778,1022
$JT,C,238,5868912,5868912,1929,1554,2989,2089,2445,1057,2104,1419,2988,1951,2778,1022
$JT,C,239,5868932,5868932,1929,1554,2989,2089,2445,1057,2104,1419,2988,1951,2778,1022
$JT,P,240,12,768
$JT,C,240,5868952,5868952,1929,1554,2989,2089,2445,1057,2104,1419,2988,1951,2778,1022
$JT,C,241,5868972,5868972,1929,1554,2989,2089,2445,1057,2104,1419,2988,1951,2778,1022
$JT,C,242,5868992,5868992,1929,1554,2989,2089,2445,1057,2104,1419,2988,1951,2778,1022
$JT,C,243,5869012,5869012,1929,1554,2989,2089,2445,1057,2104,1419,2988,1951,2778,1022
$JT,C,244,5869032,5869032,1929,1554,2989,2089,2445,1057,2104,1419,2988,1951,2778,1022
$JT,C,245,5869052,5869052,1929,1554,2989,2089,2445,1057,2104,1419,2988,1951,2778,1022
$JT,C,246,5869072,5869072,1929,1554,2989,2089,2445,1057,2104,1419,2988,1951,2778,1022
$JT,C,247,5869092,5869092,1929,1554,2989,2089,2445,1057,2104,1419,2988,1951,2778,1022
$JT,C,248,5869112,5869112,1929,1554,2989,2089,2445,1057,2104,1419,2988,1951,2778,1022
$JT,C,249,5869132,5869132,1929,1554,2989,2089,2445,1057,2104,1419,2988,1951,2778,1022
$JT,C,250,5869152,5869152,1929,1554,2989,2089,2445,1057,2104,1419,2988,1951,2778,1022
$JT,C,251,5869172,5869172,1929,1554,2989,2089,2445,1057,2104,1419,2988,1951,2778,1022
$JT,P,252,12,768
$JT,C,252,5869192,5869192,1929,1554,2989,2089,2445,1057,2104,1419,2988,1951,2778,1022
$JT,C,253,5869212,5869212,1929,1554,2989,2089,2445,1057,2104,1419,2988,1951,2778,1022
$JT,C,254,5869232,5869232,1929,1554,2989,2089,2445,1057,2104,1419,2988,1951,2778,1022
$JT,C,255,5869252,5869252,1929,1554,2989,2089,2445,1057,2104,1419,2988,1951,2778,1022
$JT,S,5864160,5864162,0,6,0,2107,0,32,1,11800,35,0
$JT,S,5864162,5864164,0,7,0,1423,0,32,1,11800,31,0
$JT,S,5864182,5864184,1,8,0,3008,0,168,16,11800,39,0
$JT,S,5864184,5864186,1,9,0,1943,0,-72,2,11900,38,0
$JT,S,5864202,5864204,2,10,0,2773,0,-40,3,11700,33,0
$JT,S,5864204,5864206,2,11,0,1001,0,-176,12,11700,39,0
$JT,S,5864222,5864224,3,0,0,1931,0,24,0,11700,34,0
$JT,S,5864224,5864226,3,1,0,1557,0,24,2,11800,33,0
$JT,P,264,12,768
$JT,S,5864241,5864243,4,2,0,3002,0,112,9,11900,40,0
$JT,S,5864243,5864245,4,3,0,2085,0,-40,1,11800,36,0
$JT,S,5864261,5864263,5,4,0,2446,100,-64,4,11800,34,0
$JT,S,5864263,5864265,5,5,0,1036,0,-84,3,12000,39,0
$JT,S,5864282,5864284,6,6,0,2107,0,32,1,11800,35,0
$JT,S,5864284,5864286,6,7,0,1416,-100,108,12,11800,31,0
$JT,S,5864302,5864304,7,8,0,3009,0,-52,0,11800,39,0
$JT,S,5864304,5864306,7,9,0,1943,0,-72,3,11900,38,0
$JT,S,5864322,5864324,8,10,0,2774,0,-32,1,11800,33,0
$JT,S,5864324,5864326,8,11,0,1001,0,-176,16,11800,42,0
$JT,S,5864342,5864344,9,0,0,1931,0,24,0,11700,34,0
$JT,S,5864344,5864346,9,1,0,1553,-50,-8,0,11800,33,0
$JT,P,276,12,768
$JT,S,5864362,5864364,10,2,0,3002,0,112,11,11900,40,0
$JT,S,5864364,5864366,10,3,0,2092,200,-28,0,11900,36,0
$JT,S,5864381,5864383,11,4,0,2484,400,-160,26,11900,34,0
$JT,S,5864383,5864385,11,5,0,1006,-450,140,0,11900,40,0
$JT,S,5864401,5864403,12,6,0,2109,0,48,1,11800,35,0
$JT,S,5864403,5864405,12,7,0,1371,-500,140,22,11800,32,0
$JT,S,5864421,5864423,13,8,0,3055,450,-136,0,11800,39,0
$JT,S,5864423,5864425,13,9,0,1948,50,-24,0,11900,38,0
$JT,S,5864441,5864443,14,10,0,2779,50,8,0,11700,33,0
$JT,S,5864443,5864445,14,11,0,1000,0,-184,18,11800,150,0
$JT,S,5864461,5864463,15,0,0,1934,0,48,1,11700,34,0
$JT,S,5864463,5864465,15,1,0,1551,0,-24,2,11800,33,0
$JT,P,288,12,768
$JT,S,5864481,5864483,16,2,0,3003,0,120,10,11900,40,0
$JT,S,5864483,5864485,16,3,0,2104,200,-60,0,11900,36,0
$JT,S,5864501,5864503,17,4,0,2525,150,-48,2,11900,34,0
$JT,S,5864503,5864505,17,5,0,951,-400,72,0,12000,40,0
$JT,S,5864521,5864523,18,6,0,2107,0,32,1,11800,35,0
$JT,S,5864523,5864525,18,7,0,1342,-100,24,1,11800,32,0
$JT,S,5864541,5864543,19,8,0,3089,150,-40,1,11800,39,0
$JT,S,5864543,5864545,19,9,0,1958,50,68,2,11800,38,0
$JT,S,5864561,5864563,20,10,0,2777,50,-56,4,11700,33,0
$JT,S,5864563,5864565,20,11,0,998,0,-200,18,11800,39,0
$JT,S,5864581,5864583,21,0,0,1937,50,76,3,11700,34,0
$JT,S,5864583,5864585,21,1,0,1544,-50,-16,2,11800,33,0
$JT,P,300,12,768
$JT,S,5864601,5864603,22,2,0,3003,0,120,10,11900,40,0
$JT,S,5864603,5864605,22,3,0,2129,200,-104,2,11900,36,0
$JT,S,5864621,5864623,23,4,0,2535,100,-48,2,11900,34,0
$JT,S,5864623,5864625,23,5,0,930,-100,56,1,12000,39,0
$JT,S,5864641,5864643,24,6,0,2107,0,32,0,11800,35,0
$JT,S,5864643,5864645,24,7,0,1340,0,8,0,11800,31,0
$JT,S,5864661,5864663,25,8,0,3092,50,-20,0,11800,39,0
$JT,S,5864663,5864665,25,9,0,1960,50,84,3,11800,38,0
$JT,S,5864681,5864683,26,10,0,2786,100,-128,18,11800,33,0
$JT,S,5864683,5864685,26,11,0,997,0,-220,20,11700,39,0
$JT,S,5864701,5864703,27,0,0,1937,-50,72,3,11700,34,0
$JT,S,5864703,5864705,27,1,0,1532,-50,64,4,11800,33,0
$JT,P,312,12,768
$JT,S,5864721,5864723,28,2,0,3004,0,148,15,11800,40,0
$JT,S,5864723,5864725,28,3,0,2164,300,-112,1,11900,36,0
$JT,S,5864741,5864743,29,4,0,2540,0,12,0,11800,34,0
$JT,S,5864743,5864745,29,5,0,918,-100,40,0,11900,40,0
$JT,S,5864761,5864763,30,6,0,2105,-100,-24,0,11800,35,0
$JT,S,5864763,5864765,30,7,0,1348,150,-8,0,11800,31,0
$JT,S,5864781,5864783,31,8,0,3095,0,0,0,11800,39,0
$JT,S,5864783,5864785,31,9,0,1960,0,80,3,11800,38,0
$JT,S,5864801,5864803,32,10,0,2809,250,-168,26,11500,33,0
$JT,S,5864803,5864805,32,11,0,997,0,-260,35,11700,40,0
$JT,S,5864822,5864824,33,0,0,1932,-50,28,0,11600,34,0
$JT,S,5864824,5864826,33,1,0,1507,-300,96,12,11800,33,0
$JT,P,324,12,768
$JT,S,5864841,5864843,34,2,0,3005,0,212,33,11700,40,0
$JT,S,5864843,5864845,34,3,0,2205,300,-120,1,11800,36,0
$JT,S,5864861,5864863,35,4,0,2531,-50,8,0,11800,34,0
$JT,S,5864863,5864865,35,5,0,911,-50,48,1,11900,39,0
$JT,S,5864881,5864883,36,6,0,2099,0,-48,1,11800,35,0
$JT,S,5864883,5864885,36,7,0,1356,50,-72,6,11800,32,0
$JT,S,5864901,5864903,37,8,0,3093,0,0,0,11700,39,0
$JT,S,5864903,5864905,37,9,0,1959,0,72,2,11800,38,0
$JT,S,5864921,5864923,38,10,0,2841,300,-132,18,11600,33,0
$JT,S,5864923,5864925,38,11,0,998,50,-316,42,11600,39,0
$JT,S,5864941,5864943,39,0,0,1929,0,0,0,11600,34,0
$JT,S,5864943,5864945,39,1,0,1474,-250,60,4,11700,33,0
$JT,P,336,12,768
$JT,S,5864961,5864963,40,2,0,3006,0,304,67,11700,40,0
$JT,S,5864963,5864965,40,3,0,2245,300,-112,1,11800,36,0
$JT,S,5864981,5864983,41,4,0,2521,-50,20,0,11800,34,0
$JT,S,5864983,5864985,41,5,0,907,0,24,1,11900,40,0
$JT,S,5865001,5865003,42,6,0,2104,0,0,0,11800,35,0
$JT,S,5865003,5865005,42,7,0,1372,150,-56,3,11800,31,0
$JT,S,5865021,5865023,43,8,0,3091,0,-24,0,11800,39,0
$JT,S,5865023,5865025,43,9,0,1959,0,72,3,11800,38,0
$JT,S,5865041,5865043,44,10,0,2867,200,-48,2,11700,33,0
$JT,S,5865043,5865045,44,11,0,999,0,-364,51,11600,39,0
$JT,S,5865061,5865063,45,0,0,1935,0,60,1,11700,34,0
$JT,S,5865063,5865065,45,1,0,1449,-150,-8,1,11700,33,0
$JT,P,348,12,768
$JT,S,5865082,5865084,46,2,0,2996,-50,276,35,11800,40,0
$JT,S,5865084,5865086,46,3,0,2276,150,-76,0,11800,36,0
$JT,S,5865102,5865104,47,4,0,2505,-250,40,1,11800,34,0
$JT,S,5865104,5865106,47,5,0,911,200,-124,3,11900,40,0
$JT,S,5865122,5865124,48,6,0,2108,0,40,1,11800,35,0
$JT,S,5865124,5865126,48,7,0,1402,350,-28,2,11800,32,0
$JT,S,5865142,5865144,49,8,0,3073,-350,144,1,11800,39,0
$JT,S,5865144,5865146,49,9,0,1960,50,84,3,11800,38,0
$JT,S,5865162,5865164,50,10,0,2878,50,8,0,11700,33,0
$JT,S,5865164,5865166,50,11,0,1008,50,-308,40,11600,39,0
$JT,S,5865181,5865183,51,0,0,1938,0,80,3,11700,34,0
$JT,S,5865183,5865185,51,1,0,1441,-50,-40,3,11800,33,0
$JT,P,360,12,768
$JT,S,5865201,5865203,52,2,0,2980,-200,152,6,11900,40,0
$JT,S,5865203,5865205,52,3,0,2288,150,-48,1,11900,36,0
$JT,S,5865221,5865223,53,4,0,2467,-300,76,5,11800,34,0
$JT,S,5865223,5865225,53,5,0,953,500,-284,16,11900,39,0
$JT,S,5865241,5865243,54,6,0,2106,0,24,0,11800,35,0
$JT,S,5865243,5865245,54,7,0,1442,300,-20,1,11800,31,0
$JT,S,5865261,5865263,55,8,0,3016,-450,156,2,11800,39,0
$JT,S,5865263,5865265,55,9,0,1958,-50,60,2,11900,38,0
$JT,S,5865281,5865283,56,10,0,2878,0,8,0,11800,33,0
$JT,S,5865283,5865285,56,11,0,1023,0,-168,10,11700,39,0
$JT,S,5865301,5865303,57,0,0,1938,0,80,3,11700,34,0
$JT,S,5865303,5865305,57,1,0,1442,50,0,1,11800,33,0
$JT,P,372,12,768
$JT,S,5865321,5865323,58,2,0,2965,-50,-32,1,11900,40,0
$JT,S,5865323,5865325,58,3,0,2288,-50,-60,2,11900,36,0
$JT,S,5865342,5865344,59,4,0,2462,-50,24,1,11800,34,0
$JT,S,5865344,5865346,59,5,0,989,250,-184,12,11900,40,0
$JT,S,5865362,5865364,60,6,0,2099,0,-56,2,11800,35,0
$JT,S,5865364,5865366,60,7,0,1448,0,48,3,11800,32,0
$JT,S,5865382,5865384,61,8,0,3000,0,104,5,11800,39,0
$JT,S,5865384,5865386,61,9,0,1958,0,80,3,11900,38,0
$JT,S,5865402,5865404,62,10,0,2897,250,-104,9,11800,33,0
$JT,S,5865404,5865406,62,11,0,1012,-400,80,0,11700,39,0
$JT,S,5865422,5865424,63,0,0,1934,-100,84,2,11700,34,0
$JT,S,5865424,5865426,63,1,0,1413,-400,88,5,11800,33,0
$JT,P,384,12,768
$JT,S,5865442,5865444,64,2,0,3000,500,-188,4,11900,40,0
$JT,S,5865444,5865446,64,3,0,2288,0,24,0,11900,36,0
$JT,S,5865462,5865464,65,4,0,2466,100,-8,0,11800,34,0
$JT,S,5865464,5865466,65,5,0,991,0,-168,11,11900,40,0
$JT,S,5865481,5865483,66,6,0,2098,0,-116,5,11800,36,0
$JT,S,5865483,5865485,66,7,0,1440,-100,96,13,11800,31,0
$JT,S,5865501,5865503,67,8,0,3004,0,100,4,11800,39,0
$JT,S,5865503,5865505,67,9,0,1950,-50,84,3,11900,38,0
$JT,S,5865521,5865523,68,10,0,2921,50,4,0,11800,33,0
$JT,S,5865523,5865525,68,11,0,953,-550,116,0,11800,39,0
$JT,S,5865542,5865544,69,0,0,1920,0,44,0,11700,34,0
$JT,S,5865544,5865546,69,1,0,1402,150,-32,1,11800,33,0
$JT,P,396,12,768
$JT,S,5865562,5865564,70,2,0,3064,500,-136,8,11900,40,0
$JT,S,5865564,5865566,70,3,0,2287,0,88,2,11900,36,0
$JT,S,5865582,5865584,71,4,0,2480,150,-60,1,11800,34,0
$JT,S,5865584,5865586,71,5,0,991,0,-160,9,11900,40,0
$JT,S,5865602,5865604,72,6,0,2105,100,-152,8,11800,36,0
$JT,S,5865604,5865606,72,7,0,1420,-250,148,35,11800,31,0
$JT,S,5865622,5865624,73,8,0,3004,0,32,1,11800,39,0
$JT,S,5865624,5865626,73,9,0,1944,0,144,8,11900,38,0
$JT,S,5865642,5865644,74,10,0,2908,-150,92,9,11700,33,0
$JT,S,5865644,5865646,74,11,0,909,-300,-24,0,11800,39,0
$JT,S,5865662,5865664,75,0,0,1905,-150,48,0,11700,34,0
$JT,S,5865664,5865666,75,1,0,1429,250,-28,1,11800,33,0
$JT,P,408,12,768
$JT,S,5865681,5865683,76,2,0,3096,200,-76,1,11900,40,0
$JT,S,5865683,5865685,76,3,0,2289,50,252,27,11800,36,0
$JT,S,5865702,5865704,77,4,0,2502,250,-96,10,11800,34,0
$JT,S,5865704,5865706,77,5,0,991,0,-180,14,11900,40,0
$JT,S,5865721,5865723,78,6,0,2124,150,-160,7,11700,35,0
$JT,S,5865723,5865725,78,7,0,1386,-300,176,26,11600,31,0
$JT,S,5865741,5865743,79,8,0,3007,-50,0,0,11700,39,0
$JT,S,5865743,5865745,79,9,0,1941,-50,280,28,11700,38,0
$JT,S,5865761,5865763,80,10,0,2892,-100,144,33,11700,34,0
$JT,S,5865763,5865765,80,11,0,894,-150,-20,0,11700,39,0
$JT,S,5865781,5865783,81,0,0,1885,-150,52,0,11600,34,0
$JT,S,5865783,5865785,81,1,0,1458,200,-16,0,11700,33,0
$JT,P,420,12,768
$JT,S,5865801,5865803,82,2,0,3112,100,-64,1,11800,40,0
$JT,S,5865803,5865805,82,3,0,2285,-150,384,56,11800,36,0
$JT,S,5865821,5865823,83,4,0,2526,200,-100,7,11800,34,0
$JT,S,5865823,5865825,83,5,0,990,-50,-240,26,11800,40,0
$JT,S,5865841,5865843,84,6,0,2150,200,-120,3,11700,35,0
$JT,S,5865843,5865845,84,7,0,1341,-250,88,10,11800,31,0
$JT,S,5865861,5865863,85,8,0,3008,0,24,0,11700,39,0
$JT,S,5865863,5865865,85,9,0,1913,-300,224,12,11700,38,0
$JT,S,5865881,5865883,86,10,0,2882,-50,204,51,11400,33,0
$JT,S,5865883,5865885,86,11,0,890,0,44,0,11700,39,0
$JT,S,5865901,5865903,87,0,0,1862,-150,52,0,11600,34,0
$JT,S,5865903,5865905,87,1,0,1481,200,-8,0,11700,33,0
$JT,P,432,12,768
$JT,S,5865921,5865923,88,2,0,3121,100,-52,2,11800,40,0
$JT,S,5865923,5865925,88,3,0,2255,-300,304,32,11700,36,0
$JT,S,5865941,5865943,89,4,0,2536,50,-160,34,11800,34,0
$JT,S,5865943,5865945,89,5,0,989,0,-320,38,11800,40,0
$JT,S,5865961,5865963,90,6,0,2168,100,-152,8,11700,35,0
$JT,S,5865963,5865965,90,7,0,1317,-100,92,12,11700,32,0
$JT,S,5865981,5865983,91,8,0,3010,50,68,2,11700,39,0
$JT,S,5865983,5865985,91,9,0,1887,-100,176,12,11700,38,0
$JT,S,5866001,5866003,92,10,0,2871,-150,188,38,11500,33,0
$JT,S,5866003,5866005,92,11,0,883,0,28,0,11600,39,0
$JT,S,5866021,5866023,93,0,0,1844,-150,48,0,11600,34,0
$JT,S,5866023,5866025,93,1,0,1494,50,-16,0,11700,33,0
$JT,P,444,12,768
$JT,S,5866041,5866043,94,2,0,3124,0,-60,2,11800,40,0
$JT,S,5866043,5866045,94,3,0,2227,-200,212,17,11800,36,0
$JT,S,5866061,5866063,95,4,0,2539,0,-216,60,11500,34,0
$JT,S,5866063,5866065,95,5,0,988,0,-388,66,11700,40,0
$JT,S,5866081,5866083,96,6,0,2180,100,-168,12,11700,35,0
$JT,S,5866083,5866085,96,7,0,1307,-150,144,34,11700,31,0
$JT,S,5866101,5866103,97,8,0,3014,0,116,5,11700,39,0
$JT,S,5866103,5866105,97,9,0,1881,-50,244,24,11600,38,0
$JT,S,5866122,5866124,98,10,0,2859,-150,208,44,11400,34,0
$JT,S,5866124,5866126,98,11,0,887,150,-48,1,11600,39,0
$JT,S,5866142,5866144,99,0,0,1831,-50,20,0,11600,34,0
$JT,S,5866144,5866146,99,1,0,1512,250,-48,2,11700,33,0
$JT,P,456,12,768
$JT,S,5866162,5866164,100,2,0,3117,-250,144,7,11800,40,0
$JT,S,5866164,5866166,100,3,0,2215,-150,180,11,11800,36,0
$JT,S,5866182,5866184,101,4,0,2554,150,-120,19,11800,34,0
$JT,S,5866184,5866186,101,5,0,989,50,-416,77,11700,40,0
$JT,S,5866201,5866203,102,6,0,2187,0,-156,13,11700,35,0
$JT,S,5866203,5866205,102,7,0,1294,-50,72,8,11700,32,0
$JT,S,5866221,5866223,103,8,0,3011,-50,84,3,11700,39,0
$JT,S,5866223,5866225,103,9,0,1868,-100,152,9,11800,38,0
$JT,S,5866241,5866243,104,10,0,2812,-450,172,45,11600,34,0
$JT,S,5866243,5866245,104,11,0,926,450,-228,7,11600,39,0
$JT,S,5866261,5866263,105,0,0,1829,0,24,0,11600,34,0
$JT,S,5866263,5866265,105,1,0,1554,300,-16,0,11800,33,0
$JT,P,468,12,768
$JT,S,5866281,5866283,106,2,0,3066,-250,224,26,11800,40,0
$JT,S,5866283,5866285,106,3,0,2212,0,176,12,11800,36,0
$JT,S,5866301,5866303,107,4,0,2563,0,-64,5,11800,34,0
$JT,S,5866303,5866305,107,5,0,990,0,-396,75,11700,40,0
$JT,S,5866321,5866323,108,6,0,2190,50,-132,7,11800,35,0
$JT,S,5866323,5866325,108,7,0,1285,-50,12,0,11800,31,0
$JT,S,5866341,5866343,109,8,0,3009,0,44,1,11800,39,0
$JT,S,5866343,5866345,109,9,0,1867,0,152,9,11800,38,0
$JT,S,5866361,5866363,110,10,0,2800,-150,104,17,11700,33,0
$JT,S,5866363,5866365,110,11,0,975,300,-48,0,11700,39,0
$JT,S,5866382,5866384,111,0,0,1828,-50,-20,0,11700,34,0
$JT,S,5866384,5866386,111,1,0,1557,50,16,1,11800,33,0
$JT,P,480,12,768
$JT,S,5866402,5866404,112,2,0,3045,0,136,9,11900,40,0
$JT,S,5866404,5866406,112,3,0,2205,-100,112,4,11900,36,0
$JT,S,5866422,5866424,113,4,0,2574,200,-200,36,11700,34,0
$JT,S,5866424,5866426,113,5,0,1009,0,60,0,11900,40,0
$JT,S,5866441,5866443,114,6,0,2193,0,-112,5,11800,35,0
$JT,S,5866443,5866445,114,7,0,1261,-300,104,13,11800,31,0
$JT,S,5866462,5866464,115,8,0,3042,450,-116,0,11800,39,0
$JT,S,5866464,5866466,115,9,0,1867,0,152,10,11800,38,0
$JT,S,5866482,5866484,116,10,0,2799,0,40,3,11800,33,0
$JT,S,5866484,5866486,116,11,0,979,0,-24,0,11800,39,0
$JT,S,5866501,5866503,117,0,0,1828,0,0,0,11700,34,0
$JT,S,5866503,5866505,117,1,0,1550,-50,44,4,11800,33,0
$JT,P,492,12,768
$JT,S,5866521,5866523,118,2,0,3049,50,172,12,11800,40,0
$JT,S,5866523,5866525,118,3,0,2196,-100,36,1,11900,36,0
$JT,S,5866541,5866543,119,4,0,2616,0,36,0,11900,34,0
$JT,S,5866543,5866545,119,5,0,963,-600,168,1,11900,40,0
$JT,S,5866561,5866563,120,6,0,2197,100,-72,2,11800,36,0
$JT,S,5866563,5866565,120,7,0,1241,-150,-52,4,11800,32,0
$JT,S,5866581,5866583,121,8,0,3100,450,-88,0,11800,39,0
$JT,S,5866583,5866585,121,9,0,1868,0,160,10,11800,38,0
$JT,S,5866601,5866603,122,10,0,2809,150,-36,0,11800,33,0
$JT,S,5866603,5866605,122,11,0,973,-50,-88,4,11800,39,0
$JT,S,5866622,5866624,123,0,0,1835,0,72,2,11700,34,0
$JT,S,5866624,5866626,123,1,0,1540,0,152,37,11800,33,0
$JT,P,504,12,768
$JT,S,5866642,5866644,124,2,0,3050,50,180,19,11900,40,0
$JT,S,5866644,5866646,124,3,0,2195,0,40,1,11800,36,0
$JT,S,5866656,5866658,125,4,0,2590,-300,52,1,11800,34,0
$JT,S,5866658,5866660,125,5,0,926,-200,56,1,11900,39,0
$JT,S,5866675,5866677,126,6,0,2198,0,-72,3,11800,35,0
$JT,S,5866677,5866679,126,7,0,1268,250,-48,3,11800,32,0
$JT,S,5866695,5866697,127,8,0,3123,150,-20,0,11800,39,0
$JT,S,5866697,5866699,127,9,0,1869,0,168,16,11800,38,0
$JT,S,5866715,5866717,128,10,0,2820,50,-40,3,11700,33,0
$JT,S,5866717,5866719,128,11,0,969,0,-120,6,11700,39,0
$JT,S,5866735,5866737,129,0,0,1836,0,80,2,11700,34,0
$JT,S,5866737,5866739,129,1,0,1538,0,200,64,11800,33,0
$JT,P,516,12,768
$JT,S,5866755,5866757,130,2,0,3050,0,176,13,11800,40,0
$JT,S,5866757,5866759,130,3,0,2195,0,40,0,11900,36,0
$JT,S,5866775,5866777,131,4,0,2582,0,-16,0,11800,34,0
$JT,S,5866777,5866779,131,5,0,921,0,24,0,11900,39,0
$JT,S,5866795,5866797,132,6,0,2198,0,-72,3,11800,35,0
$JT,S,5866797,5866799,132,7,0,1271,0,-24,1,11800,31,0
$JT,S,5866817,5866819,133,8,0,3121,-50,-48,1,11800,39,0
$JT,S,5866819,5866821,133,9,0,1869,0,168,11,11800,38,0
$JT,S,5866836,5866838,134,10,0,2827,100,16,0,11800,33,0
$JT,S,5866838,5866840,134,11,0,970,0,-112,5,11800,39,0
$JT,S,5866858,5866860,135,0,0,1836,0,80,3,11700,34,0
$JT,S,5866860,5866862,135,1,0,1526,-100,104,18,11800,33,0
$JT,P,528,12,768
$JT,S,5866878,5866880,136,2,0,3050,0,176,14,11800,40,0
$JT,S,5866880,5866882,136,3,0,2192,-50,120,3,11900,36,0
$JT,S,5866898,5866900,137,4,0,2566,-300,100,6,11800,34,0
$JT,S,5866900,5866902,137,5,0,921,0,-48,1,11900,40,0
$JT,S,5866918,5866920,138,6,0,2193,-200,132,2,11800,36,0
$JT,S,5866920,5866922,138,7,0,1299,600,-212,25,11600,32,0
$JT,S,5866938,5866940,139,8,0,3116,-200,104,1,11600,39,0
$JT,S,5866940,5866942,139,9,0,1867,0,152,8,11800,38,0
$JT,S,5866956,5866958,140,10,0,2828,0,24,1,11700,33,0
$JT,S,5866958,5866960,140,11,0,972,50,-92,4,11700,39,0
$JT,S,5866975,5866977,141,0,0,1828,-150,-32,0,11700,34,0
$JT,S,5866977,5866979,141,1,0,1524,0,88,12,11800,33,0
$JT,P,540,12,768
$JT,S,5866995,5866997,142,2,0,3051,0,184,18,11900,40,0
$JT,S,5866997,5866999,142,3,0,2144,-600,232,6,11900,36,0
$JT,S,5867016,5867018,143,4,0,2502,-250,-12,0,11800,34,0
$JT,S,5867018,5867020,143,5,0,946,200,-40,0,11900,40,0
$JT,S,5867036,5867038,144,6,0,2136,-550,172,3,11800,35,0
$JT,S,5867038,5867040,144,7,0,1350,100,-88,10,11800,31,0
$JT,S,5867056,5867058,145,8,0,3101,-50,92,3,11800,40,0
$JT,S,5867058,5867060,145,9,0,1857,-50,64,1,11900,38,0
$JT,S,5867078,5867080,146,10,0,2826,0,8,0,11700,33,0
$JT,S,5867080,5867082,146,11,0,971,0,-104,5,11800,39,0
$JT,S,5867098,5867100,147,0,0,1827,0,0,0,11700,34,0
$JT,S,5867100,5867102,147,1,0,1525,0,96,16,11800,33,0
$JT,P,552,12,768
$JT,S,5867118,5867120,148,2,0,3051,0,184,17,11900,40,0
$JT,S,5867120,5867122,148,3,0,2095,-200,40,1,11900,36,0
$JT,S,5867138,5867140,149,4,0,2478,-400,100,3,11800,34,0
$JT,S,5867140,5867142,149,5,0,966,450,-144,3,12000,43,0
$JT,S,5867156,5867158,150,6,0,2110,0,56,1,11800,35,0
$JT,S,5867158,5867160,150,7,0,1386,450,-172,24,11800,31,0
$JT,S,5867176,5867178,151,8,0,3062,-550,208,4,11700,39,0
$JT,S,5867178,5867180,151,9,0,1852,0,32,1,11800,38,0
$JT,S,5867196,5867198,152,10,0,2826,0,8,0,11700,33,0
$JT,S,5867198,5867200,152,11,0,971,0,-104,5,11800,39,0
$JT,S,5867215,5867217,153,0,0,1831,0,40,1,11700,34,0
$JT,S,5867217,5867219,153,1,0,1525,0,96,13,11800,33,0
$JT,P,564,12,768
$JT,S,5867235,5867237,154,2,0,3048,-100,152,10,11900,40,0
$JT,S,5867237,5867239,154,3,0,2093,0,40,1,11800,36,0
$JT,S,5867255,5867257,155,4,0,2444,-100,-8,0,11800,34,0
$JT,S,5867257,5867259,155,5,0,1012,350,-300,23,11900,40,0
$JT,S,5867275,5867277,156,6,0,2104,-100,-24,0,11800,36,0
$JT,S,5867277,5867279,156,7,0,1411,100,-64,5,11800,31,0
$JT,S,5867295,5867297,157,8,0,3002,-350,108,2,11800,39,0
$JT,S,5867297,5867299,157,9,0,1846,-50,-36,1,11900,38,0
$JT,S,5867315,5867317,158,10,0,2827,50,16,0,11700,33,0
$JT,S,5867317,5867319,158,11,0,972,0,-96,4,11800,39,0
$JT,S,5867335,5867337,159,0,0,1827,-50,0,0,11700,34,0
$JT,S,5867337,5867339,159,1,0,1522,-50,72,9,11800,33,0
$JT,P,576,12,768
$JT,S,5867355,5867357,160,2,0,3042,-50,108,6,11900,40,0
$JT,S,5867357,5867359,160,3,0,2089,-100,-20,1,11900,36,0
$JT,S,5867375,5867377,161,4,0,2444,0,-8,0,11900,34,0
$JT,S,5867377,5867379,161,5,0,1029,0,-228,20,11900,40,0
$JT,S,5867395,5867397,162,6,0,2101,0,-32,0,11800,35,0
$JT,S,5867397,5867399,162,7,0,1417,0,-16,0,11800,31,0
$JT,S,5867415,5867417,163,8,0,2997,50,84,4,11800,39,0
$JT,S,5867417,5867419,163,9,0,1845,0,-40,1,11900,38,0
$JT,S,5867435,5867437,164,10,0,2822,-100,-28,0,11800,33,0
$JT,S,5867437,5867439,164,11,0,972,0,-96,4,11800,39,0
$JT,S,5867456,5867458,165,0,0,1826,0,0,0,11700,34,0
$JT,S,5867458,5867460,165,1,0,1521,0,72,9,11800,33,0
$JT,P,588,12,768
$JT,S,5867476,5867478,166,2,0,3043,0,112,6,11900,40,0
$JT,S,5867478,5867480,166,3,0,2088,50,20,1,11900,36,0
$JT,S,5867498,5867500,167,4,0,2441,0,-32,2,11800,34,0
$JT,S,5867500,5867502,167,5,0,1030,0,-224,20,11800,40,0
$JT,S,5867518,5867520,168,6,0,2102,0,-24,0,11800,35,0
$JT,S,5867520,5867522,168,7,0,1418,0,-8,0,11800,31,0
$JT,S,5867538,5867540,169,8,0,2999,0,96,4,11800,39,0
$JT,S,5867540,5867542,169,9,0,1847,0,-24,0,11900,38,0
$JT,S,5867558,5867560,170,10,0,2842,350,-108,10,11700,33,0
$JT,S,5867560,5867562,170,11,0,966,-50,96,1,11800,39,0
$JT,S,5867576,5867578,171,0,0,1825,0,-24,0,11700,34,0
$JT,S,5867578,5867580,171,1,0,1496,-450,184,33,11800,33,0
$JT,P,600,12,768
$JT,S,5867596,5867598,172,2,0,3057,250,-144,3,11900,40,0
$JT,S,5867598,5867600,172,3,0,2084,-50,-52,2,11900,36,0
$JT,S,5867616,5867618,173,4,0,2444,100,-8,0,11900,34,0
$JT,S,5867618,5867620,173,5,0,1031,-50,-216,17,11900,40,0
$JT,S,5867636,5867638,174,6,0,2100,0,-40,1,11800,35,0
$JT,S,5867638,5867640,174,7,0,1415,0,-32,2,11800,31,0
$JT,S,5867656,5867658,175,8,0,2999,0,96,3,11800,39,0
$JT,S,5867658,5867660,175,9,0,1846,0,-72,3,11900,38,0
$JT,S,5867678,5867680,176,10,0,2868,50,72,4,11800,33,0
$JT,S,5867680,5867682,176,11,0,918,-400,96,0,11800,39,0
$JT,S,5867698,5867700,177,0,0,1828,100,-140,4,11700,34,0
$JT,S,5867700,5867702,177,1,0,1478,300,-52,1,11800,33,0
$JT,P,612,12,768
$JT,S,5867718,5867720,178,2,0,3100,300,-44,1,11900,40,0
$JT,S,5867720,5867722,178,3,0,2082,0,-64,2,11900,36,0
$JT,S,5867736,5867738,179,4,0,2441,-150,-36,1,11800,34,0
$JT,S,5867738,5867740,179,5,0,1031,0,-216,18,11900,40,0
$JT,S,5867756,5867758,180,6,0,2098,0,-56,1,11800,35,0
$JT,S,5867758,5867760,180,7,0,1421,200,16,0,11800,31,0
$JT,S,5867775,5867777,181,8,0,2999,0,96,4,11800,39,0
$JT,S,5867777,5867779,181,9,0,1875,450,-304,20,11800,38,0
$JT,S,5867795,5867797,182,10,0,2826,-250,24,1,11700,34,0
$JT,S,5867797,5867799,182,11,0,907,0,-216,10,11700,39,0
$JT,S,5867816,5867818,183,0,0,1885,650,-192,3,11700,34,0
$JT,S,5867818,5867820,183,1,0,1510,100,8,1,11800,33,0
$JT,P,624,12,768
$JT,S,5867836,5867838,184,2,0,3083,-400,92,3,11900,40,0
$JT,S,5867838,5867840,184,3,0,2081,0,-72,3,11800,36,0
$JT,S,5867856,5867858,185,4,0,2436,-100,-72,9,11800,34,0
$JT,S,5867858,5867860,185,5,0,1030,0,-224,19,11800,40,0
$JT,S,5867876,5867878,186,6,0,2109,200,60,2,11800,35,0
$JT,S,5867878,5867880,186,7,0,1424,50,40,2,11800,31,0
$JT,S,5867898,5867900,187,8,0,3002,0,120,7,11800,39,0
$JT,S,5867900,5867902,187,9,0,1924,300,-212,12,11800,38,0
$JT,S,5867918,5867920,188,10,0,2806,-250,40,0,11700,34,0
$JT,S,5867920,5867922,188,11,0,924,100,-336,33,11600,39,0
$JT,S,5867936,5867938,189,0,0,1923,100,-40,0,11700,34,0
$JT,S,5867938,5867940,189,1,0,1530,300,-64,3,11800,33,0
$JT,P,636,12,768
$JT,S,5867956,5867958,190,2,0,3048,-400,184,12,11800,40,0
$JT,S,5867958,5867960,190,3,0,2081,0,-72,3,11800,36,0
$JT,S,5867976,5867978,191,4,0,2433,0,-96,11,11800,34,0
$JT,S,5867978,5867980,191,5,0,1030,0,-224,23,11900,40,0
$JT,S,5867996,5867998,192,6,0,2111,0,64,2,11800,35,0
$JT,S,5867998,5868000,192,7,0,1424,0,40,3,11800,31,0
$JT,S,5868015,5868017,193,8,0,3000,0,104,5,11800,39,0
$JT,S,5868017,5868019,193,9,0,1928,0,-192,14,11800,38,0
$JT,S,5868035,5868037,194,10,0,2780,-100,16,0,11700,33,0
$JT,S,5868037,5868039,194,11,0,982,550,-268,16,11700,39,0
$JT,S,5868055,5868057,195,0,0,1926,100,-28,0,11700,34,0
$JT,S,5868057,5868059,195,1,0,1552,0,-16,1,11800,33,0
$JT,P,648,12,768
$JT,S,5868075,5868077,196,2,0,3004,-250,116,3,11900,40,0
$JT,S,5868077,5868079,196,3,0,2083,50,-52,2,11900,36,0
$JT,S,5868095,5868101,197,4,0,2436,0,-72,6,11900,34,0
$JT,S,5868101,5868103,197,5,0,1036,100,-168,13,11900,40,0
$JT,S,5868115,5868117,198,6,0,2112,0,72,3,11800,36,0
$JT,S,5868117,5868119,198,7,0,1416,0,-24,1,11800,32,0
$JT,S,5868135,5868137,199,8,0,2997,-50,76,3,11800,39,0
$JT,S,5868137,5868139,199,9,0,1935,50,-132,7,11900,38,0
$JT,S,5868155,5868157,200,10,0,2778,0,0,0,11800,33,0
$JT,S,5868157,5868159,200,11,0,1008,100,-112,4,11800,39,0
$JT,S,5868175,5868177,201,0,0,1926,-50,-36,0,11700,34,0
$JT,S,5868177,5868179,201,1,0,1551,0,-24,1,11800,33,0
$JT,P,660,12,768
$JT,S,5868195,5868197,202,2,0,3003,0,120,11,11900,40,0
$JT,S,5868197,5868199,202,3,0,2083,0,-56,2,11900,36,0
$JT,S,5868215,5868217,203,4,0,2439,0,-48,3,11800,34,0
$JT,S,5868217,5868219,203,5,0,1038,0,-160,9,11900,40,0
$JT,S,5868235,5868237,204,6,0,2113,0,80,3,11800,36,0
$JT,S,5868237,5868239,204,7,0,1417,50,-16,1,11800,32,0
$JT,S,5868255,5868257,205,8,0,2997,0,80,3,11800,39,0
$JT,S,5868257,5868259,205,9,0,1935,0,-136,7,11900,72,0
$JT,S,5868272,5868274,206,9,0,1935,0,-136,7,11800,38,0
$JT,S,5868274,5868276,206,10,0,2775,-150,-24,0,11700,33,0
$JT,S,5868292,5868294,207,11,0,1006,-50,-140,8,11800,39,0
$JT,S,5868294,5868296,207,0,0,1926,50,-32,1,11700,34,0
$JT,P,672,12,768
$JT,S,5868312,5868314,208,1,0,1553,0,-4,0,11800,33,0
$JT,S,5868314,5868316,208,2,0,3002,-50,108,8,11900,40,0
$JT,S,5868332,5868334,209,3,0,2084,50,-48,0,11900,36,0
$JT,S,5868334,5868336,209,4,0,2437,0,-64,5,11900,34,0
$JT,S,5868352,5868354,210,5,0,1036,0,-176,11,11900,40,0
$JT,S,5868354,5868356,210,6,0,2112,0,68,2,11800,36,0
$JT,S,5868372,5868374,211,7,0,1421,0,16,0,11800,32,0
$JT,S,5868374,5868376,211,8,0,2997,0,80,3,11800,39,0
$JT,S,5868392,5868394,212,9,0,1935,0,-136,8,11900,38,0
$JT,S,5868394,5868396,212,10,0,2775,0,-24,1,11700,34,0
$JT,S,5868412,5868414,213,11,0,1005,0,-144,9,11800,39,0
$JT,S,5868414,5868416,213,0,0,1926,0,-32,1,11700,34,0
$JT,P,684,12,768
$JT,S,5868432,5868434,214,1,0,1554,0,0,0,11800,33,0
$JT,S,5868434,5868436,214,2,0,3002,0,112,12,11900,40,0
$JT,S,5868452,5868454,215,3,0,2086,0,-32,1,11800,36,0
$JT,S,5868454,5868456,215,4,0,2437,0,-64,6,11900,34,0
$JT,S,5868472,5868474,216,5,0,1036,0,-176,11,11900,40,0
$JT,S,5868474,5868476,216,6,0,2112,0,72,2,11800,36,0
$JT,S,5868492,5868494,217,7,0,1417,-100,-16,0,11800,31,0
$JT,S,5868494,5868496,217,8,0,2997,0,80,3,11800,39,0
$JT,S,5868512,5868514,218,9,0,1935,0,-136,7,11900,38,0
$JT,S,5868514,5868516,218,10,0,2776,0,-16,0,11700,33,0
$JT,S,5868532,5868534,219,11,0,1006,0,-136,7,11800,39,0
$JT,S,5868534,5868536,219,0,0,1927,0,-24,0,11700,34,0
$JT,P,696,12,768
$JT,S,5868552,5868554,220,1,0,1552,0,-16,1,11800,33,0
$JT,S,5868554,5868556,220,2,0,3002,0,112,9,11900,40,0
$JT,S,5868572,5868574,221,3,0,2086,0,-32,1,11900,36,0
$JT,S,5868574,5868576,221,4,0,2437,0,-64,5,11800,34,0
$JT,S,5868592,5868594,222,5,0,1037,50,-164,10,11900,40,0
$JT,S,5868594,5868596,222,6,0,2112,0,72,2,11800,35,0
$JT,S,5868612,5868614,223,7,0,1417,0,-16,0,11800,31,0
$JT,S,5868614,5868616,223,8,0,2997,0,80,3,11800,39,0
$JT,S,5868632,5868634,224,9,0,1935,0,-136,8,11900,38,0
$JT,S,5868634,5868636,224,10,0,2777,0,-8,0,11800,34,0
$JT,S,5868652,5868654,225,11,0,1006,0,-136,7,11700,39,0
$JT,S,5868654,5868656,225,0,0,1927,0,-24,0,11700,34,0
$JT,P,708,12,768
$JT,S,5868672,5868674,226,1,0,1552,0,-16,1,11800,33,0
$JT,S,5868674,5868676,226,2,0,3002,0,112,13,11900,40,0
$JT,S,5868692,5868694,227,3,0,2086,0,-32,1,11900,36,0
$JT,S,5868694,5868696,227,4,0,2437,0,-64,6,11800,35,0
$JT,S,5868712,5868714,228,5,0,1036,-50,-180,11,11900,40,0
$JT,S,5868714,5868716,228,6,0,2112,0,72,3,11800,35,0
$JT,S,5868732,5868734,229,7,0,1420,50,8,0,11800,32,0
$JT,S,5868734,5868736,229,8,0,2997,0,80,3,11800,39,0
$JT,S,5868752,5868754,230,9,0,1935,0,-136,8,11900,38,0
$JT,S,5868754,5868756,230,10,0,2777,0,-8,0,11800,33,0
$JT,S,5868772,5868774,231,11,0,1006,0,-136,6,11800,39,0
$JT,S,5868774,5868776,231,0,0,1926,-50,-36,1,11700,34,0
$JT,P,720,12,768
$JT,S,5868792,5868794,232,1,0,1553,0,-8,0,11800,33,0
$JT,S,5868794,5868796,232,2,0,3002,0,112,11,11900,40,0
$JT,S,5868812,5868814,233,3,0,2087,0,-24,1,11900,36,0
$JT,S,5868814,5868816,233,4,0,2437,0,-64,5,11800,34,0
$JT,S,5868832,5868834,234,5,0,1036,0,-176,12,12000,40,0
$JT,S,5868834,5868836,234,6,0,2112,0,72,2,11800,35,0
$JT,S,5868852,5868854,235,7,0,1418,-100,-8,0,11800,31,0
$JT,S,5868854,5868856,235,8,0,2997,0,80,3,11800,39,0
$JT,S,5868872,5868874,236,9,0,1935,0,-136,8,11900,38,0
$JT,S,5868874,5868876,236,10,0,2777,0,-8,0,11700,33,0
$JT,S,5868892,5868894,237,11,0,1006,0,-136,7,11800,39,0
$JT,S,5868894,5868896,237,0,0,1926,0,-32,1,11700,34,0
$JT,P,732,12,768
$JT,S,5868912,5868914,238,1,0,1553,0,-8,1,11800,33,0
$JT,S,5868914,5868916,238,2,0,3002,0,112,9,11900,40,0
$JT,S,5868932,5868934,239,3,0,2087,0,-24,0,11900,36,0
$JT,S,5868934,5868936,239,4,0,2437,0,-64,6,11800,34,0
$JT,S,5868952,5868954,240,5,0,1036,0,-176,12,11900,40,0
$JT,S,5868954,5868956,240,6,0,2112,0,72,3,11800,36,0
$JT,S,5868972,5868974,241,7,0,1418,0,-8,0,11800,31,0
$JT,S,5868974,5868976,241,8,0,2997,0,80,3,11800,39,0
$JT,S,5868992,5868994,242,9,0,1935,0,-136,8,11900,38,0
$JT,S,5868994,5868996,242,10,0,2777,0,-8,0,11700,33,0
$JT,S,5869012,5869014,243,11,0,1006,0,-136,7,11800,39,0
$JT,S,5869014,5869016,243,0,0,1926,0,-32,0,11700,34,0
$JT,P,744,12,768
$JT,S,5869032,5869034,244,1,0,1553,0,-8,1,11800,33,0
$JT,S,5869034,5869036,244,2,0,3002,0,112,12,11900,40,0
$JT,S,5869052,5869054,245,3,0,2087,0,-24,1,11900,36,0
$JT,S,5869054,5869056,245,4,0,2437,0,-64,5,11800,34,0
$JT,S,5869072,5869074,246,5,0,1036,0,-176,12,11900,40,0
$JT,S,5869074,5869076,246,6,0,2112,0,72,3,11800,35,0
$JT,S,5869092,5869094,247,7,0,1419,0,0,0,11800,32,0
$JT,S,5869094,5869096,247,8,0,2997,0,80,3,11800,39,0
$JT,S,5869112,5869114,248,9,0,1935,0,-136,7,11900,38,0
$JT,S,5869114,5869116,248,10,0,2777,0,-8,0,11800,34,0
$JT,S,5869132,5869134,249,11,0,1006,0,-136,7,11800,39,0
$JT,S,5869134,5869136,249,0,0,1926,0,-32,1,11700,34,0
$JT,P,756,12,768
$JT,S,5869152,5869154,250,1,0,1553,0,-8,0,11800,33,0
$JT,S,5869154,5869156,250,2,0,3002,0,112,9,11900,40,0
$JT,S,5869172,5869174,251,3,0,2087,0,-24,1,11900,36,0
$JT,S,5869174,5869176,251,4,0,2437,0,-64,6,11800,34,0
$JT,S,5869192,5869194,252,5,0,1036,0,-176,12,11900,40,0
$JT,S,5869194,5869196,252,6,0,2112,0,72,2,11800,36,0
$JT,S,5869212,5869214,253,7,0,1419,0,0,0,11800,32,0
$JT,S,5869214,5869216,253,8,0,2997,0,80,3,11800,39,0
$JT,S,5869232,5869234,254,9,0,1935,0,-136,7,11900,38,0
$JT,S,5869234,5869236,254,10,0,2777,0,-8,0,11700,33,0
$JT,S,5869252,5869254,255,11,0,1006,0,-136,7,11800,39,0
$JT,S,5869254,5869256,255,0,0,1926,0,-32,0,11700,34,0
$JT,END
