$JT,M,1,256,512,0,0,23,3400,254
$JT,R,s-native-v6-2-7-v77
$JT,J,0,1,1929,-1
$JT,J,1,2,2077,-1
$JT,J,2,3,1965,1
$JT,J,3,4,2089,1
$JT,J,4,5,1922,1
$JT,J,5,6,2081,-1
$JT,J,6,7,2104,-1
$JT,J,7,8,1942,-1
$JT,J,8,9,1964,1
$JT,J,9,10,1951,1
$JT,J,10,11,2255,1
$JT,J,11,12,2046,-1
$JT,P,0,12,768
$JT,C,0,5513587,5513587,1929,1554,2989,2089,2445,1057,2104,1419,2988,1951,2778,1022
$JT,C,1,5513609,5513609,1929,1554,2989,2089,2445,1057,2104,1419,2988,1951,2778,1022
$JT,C,2,5513629,5513629,1929,1554,2989,2089,2447,1055,2104,1417,2990,1951,2778,1022
$JT,C,3,5513649,5513649,1929,1554,2989,2089,2450,1050,2104,1414,2995,1951,2778,1022
$JT,C,4,5513667,5513668,1929,1554,2989,2089,2454,1042,2104,1410,3003,1951,2778,1022
$JT,C,5,5513687,5513688,1929,1554,2989,2090,2460,1032,2104,1404,3013,1951,2778,1022
$JT,C,6,5513708,5513709,1929,1554,2989,2091,2469,1018,2104,1396,3026,1951,2778,1022
$JT,C,7,5513729,5513729,1929,1554,2989,2092,2478,1004,2104,1387,3039,1951,2778,1022
$JT,C,8,5513748,5513749,1929,1554,2989,2094,2487,989,2104,1378,3054,1951,2778,1022
$JT,C,9,5513768,5513769,1929,1555,2989,2095,2498,975,2104,1369,3067,1951,2777,1022
$JT,C,10,5513788,5513789,1929,1555,2989,2097,2506,963,2104,1361,3078,1951,2777,1022
$JT,C,11,5513807,5513808,1929,1555,2989,2099,2513,953,2104,1354,3086,1951,2777,1022
$JT,P,12,12,768
$JT,C,12,5513827,5513828,1929,1555,2989,2103,2518,947,2104,1349,3092,1951,2777,1022
$JT,C,13,5513847,5513848,1929,1555,2989,2106,2523,943,2104,1347,3094,1951,2778,1022
$JT,C,14,5513867,5513868,1929,1554,2989,2109,2525,941,2104,1345,3094,1951,2778,1022
$JT,C,15,5513887,5513888,1929,1554,2989,2114,2528,940,2104,1342,3094,1951,2778,1022
$JT,C,16,5513907,5513908,1929,1552,2989,2119,2531,938,2104,1341,3094,1951,2780,1022
$JT,C,17,5513927,5513928,1929,1551,2989,2123,2533,935,2104,1340,3094,1951,2781,1022
$JT,C,18,5513947,5513948,1929,1550,2989,2128,2535,933,2104,1339,3094,1951,2782,1022
$JT,C,19,5513967,5513968,1929,1548,2989,2133,2538,932,2104,1338,3094,1951,2784,1022
$JT,C,20,5513987,5513988,1929,1547,2989,2139,2539,930,2104,1338,3094,1951,2786,1022
$JT,C,21,5514007,5514008,1929,1543,2989,2146,2540,927,2104,1338,3094,1951,2789,1022
$JT,C,22,5514027,5514028,1929,1541,2989,2152,2541,925,2104,1338,3094,1951,2792,1022
$JT,C,23,5514047,5514048,1929,1538,2989,2158,2542,923,2104,1339,3094,1951,2795,1022
$JT,P,24,12,768
$JT,C,24,5514067,5514068,1929,1534,2988,2165,2542,920,2104,1340,3094,1951,2799,1023
$JT,C,25,5514087,5514088,1929,1530,2988,2172,2542,918,2104,1341,3094,1951,2802,1023
$JT,C,26,5514107,5514108,1929,1525,2988,2179,2542,916,2104,1342,3094,1951,2807,1023
$JT,C,27,5514127,5514128,1929,1521,2987,2186,2541,915,2104,1345,3094,1951,2811,1024
$JT,C,28,5514147,5514148,1929,1516,2987,2194,2540,913,2104,1347,3094,1951,2816,1024
$JT,C,29,5514167,5514168,1929,1512,2986,2201,2539,911,2104,1349,3094,1951,2820,1025
$JT,C,30,5514187,5514188,1929,1506,2984,2207,2538,910,2104,1351,3094,1951,2825,1027
$JT,C,31,5514207,5514208,1929,1501,2983,2214,2535,909,2104,1354,3094,1951,2831,1028
$JT,C,32,5514227,5514228,1929,1496,2982,2221,2534,908,2104,1356,3094,1951,2835,1029
$JT,C,33,5514247,5514248,1929,1491,2981,2228,2532,907,2104,1359,3094,1951,2840,1030
$JT,C,34,5514267,5514268,1929,1485,2979,2235,2531,906,2104,1362,3095,1951,2844,1031
$JT,C,35,5514287,5514288,1929,1481,2978,2241,2528,906,2104,1364,3095,1951,2849,1033
$JT,P,36,12,768
$JT,C,36,5514307,5514308,1929,1476,2975,2247,2526,905,2104,1366,3095,1951,2853,1035
$JT,C,37,5514327,5514328,1929,1473,2974,2253,2525,905,2104,1370,3094,1951,2857,1036
$JT,C,38,5514347,5514348,1929,1468,2972,2259,2523,905,2104,1371,3094,1951,2860,1038
$JT,C,39,5514367,5514368,1929,1465,2971,2263,2522,905,2104,1373,3094,1951,2864,1039
$JT,C,40,5514387,5514388,1929,1463,2970,2268,2519,905,2104,1375,3094,1951,2867,1040
$JT,C,41,5514407,5514408,1929,1459,2967,2272,2518,905,2104,1377,3094,1951,2869,1041
$JT,C,42,5514427,5514428,1929,1457,2966,2276,2517,905,2104,1379,3094,1951,2872,1042
$JT,C,43,5514447,5514448,1929,1455,2965,2279,2515,907,2104,1381,3092,1951,2874,1044
$JT,C,44,5514467,5514468,1929,1453,2964,2282,2511,913,2104,1384,3087,1951,2875,1045
$JT,C,45,5514487,5514488,1929,1451,2964,2285,2506,920,2104,1390,3079,1951,2876,1045
$JT,C,46,5514507,5514508,1929,1450,2963,2287,2500,932,2104,1397,3068,1951,2877,1046
$JT,C,47,5514529,5514529,1929,1449,2963,2289,2492,945,2104,1405,3054,1951,2879,1046
$JT,P,48,12,768
$JT,C,48,5514549,5514549,1929,1449,2962,2290,2484,960,2104,1413,3039,1951,2879,1046
$JT,C,49,5514569,5514569,1929,1448,2962,2292,2475,975,2104,1421,3024,1951,2879,1047
$JT,C,50,5514589,5514589,1929,1448,2962,2293,2468,989,2104,1429,3011,1951,2879,1047
$JT,C,51,5514607,5514608,1929,1448,2961,2293,2462,1000,2104,1435,3001,1951,2879,1047
$JT,C,52,5514627,5514628,1929,1447,2961,2294,2459,1007,2104,1439,2993,1951,2879,1047
$JT,C,53,5514647,5514648,1929,1447,2961,2294,2457,1011,2104,1441,2988,1951,2879,1047
$JT,C,54,5514667,5514668,1929,1447,2961,2294,2456,1013,2104,1443,2987,1951,2879,1047
$JT,C,55,5514687,5514688,1929,1447,2961,2294,2456,1013,2104,1443,2987,1951,2879,1046
$JT,C,56,5514707,5514708,1929,1446,2962,2294,2457,1013,2104,1443,2987,1951,2880,1045
$JT,C,57,5514727,5514728,1929,1443,2966,2294,2457,1013,2104,1443,2987,1951,2882,1040
$JT,C,58,5514747,5514748,1929,1439,2974,2294,2457,1013,2104,1443,2988,1951,2886,1032
$JT,C,59,5514767,5514768,1929,1432,2987,2293,2458,1013,2104,1441,2988,1951,2892,1020
$JT,P,60,12,768
$JT,C,60,5514789,5514789,1928,1425,3002,2293,2458,1013,2105,1441,2988,1950,2900,1006
$JT,C,61,5514809,5514809,1928,1417,3017,2293,2459,1013,2105,1439,2988,1950,2908,989
$JT,C,62,5514829,5514829,1927,1409,3033,2292,2461,1011,2106,1438,2989,1949,2915,973
$JT,C,63,5514849,5514849,1926,1402,3049,2290,2462,1011,2107,1436,2989,1948,2922,958
$JT,C,64,5514868,5514869,1924,1398,3062,2289,2465,1011,2109,1433,2990,1946,2926,946
$JT,C,65,5514888,5514889,1923,1397,3072,2288,2467,1011,2110,1430,2991,1945,2927,936
$JT,C,66,5514907,5514908,1921,1397,3079,2286,2469,1011,2112,1428,2993,1943,2927,930
$JT,C,67,5514927,5514928,1920,1400,3082,2285,2473,1010,2113,1423,2994,1942,2925,925
$JT,C,68,5514947,5514948,1918,1403,3086,2282,2476,1010,2115,1420,2995,1940,2922,923
$JT,C,69,5514967,5514968,1915,1407,3088,2280,2480,1010,2118,1415,2996,1937,2917,921
$JT,C,70,5514989,5514989,1913,1411,3091,2278,2484,1010,2120,1410,2997,1935,2914,917
$JT,C,71,5515009,5515009,1910,1416,3094,2274,2487,1010,2123,1405,2998,1932,2909,915
$JT,P,72,12,768
$JT,C,72,5515029,5515029,1907,1421,3097,2272,2492,1010,2126,1399,2999,1929,2906,913
$JT,C,73,5515049,5515049,1904,1425,3099,2269,2497,1010,2129,1394,3001,1926,2901,910
$JT,C,74,5515069,5515069,1901,1430,3103,2265,2501,1011,2132,1388,3002,1923,2897,907
$JT,C,75,5515089,5515089,1898,1434,3105,2262,2506,1011,2135,1382,3003,1920,2893,905
$JT,C,76,5515109,5515109,1894,1439,3107,2259,2510,1011,2139,1375,3004,1916,2889,903
$JT,C,77,5515127,5515128,1890,1444,3110,2255,2515,1013,2143,1370,3005,1912,2885,900
$JT,C,78,5515147,5515148,1887,1449,3112,2252,2519,1014,2146,1364,3005,1909,2881,899
$JT,C,79,5515167,5515168,1883,1453,3114,2248,2523,1015,2150,1357,3006,1905,2877,897
$JT,C,80,5515187,5515188,1880,1458,3116,2244,2527,1015,2153,1351,3006,1902,2874,895
$JT,C,81,5515207,5515208,1876,1461,3118,2240,2532,1016,2157,1346,3006,1898,2871,893
$JT,C,82,5515227,5515228,1872,1466,3120,2237,2535,1018,2161,1340,3006,1894,2867,891
$JT,C,83,5515247,5515248,1869,1469,3121,2233,2539,1019,2164,1334,3006,1891,2865,890
$JT,P,84,12,768
$JT,C,84,5515267,5515268,1865,1474,3122,2230,2542,1021,2168,1330,3006,1887,2863,889
$JT,C,85,5515287,5515288,1862,1477,3124,2226,2546,1022,2171,1325,3006,1884,2859,888
$JT,C,86,5515307,5515308,1857,1480,3126,2222,2549,1024,2176,1321,3006,1879,2857,887
$JT,C,87,5515327,5515328,1855,1483,3126,2219,2551,1025,2178,1316,3005,1877,2856,885
$JT,C,88,5515347,5515348,1852,1485,3127,2216,2553,1026,2181,1312,3005,1874,2853,884
$JT,C,89,5515367,5515368,1848,1489,3128,2213,2556,1029,2185,1308,3004,1870,2852,883
$JT,C,90,5515387,5515388,1846,1490,3129,2210,2558,1030,2187,1305,3004,1868,2851,882
$JT,C,91,5515407,5515408,1843,1492,3129,2207,2560,1031,2190,1301,3004,1865,2850,882
$JT,C,92,5515427,5515428,1840,1494,3130,2205,2561,1032,2193,1299,3003,1862,2849,881
$JT,C,93,5515447,5515448,1838,1496,3130,2203,2564,1033,2195,1296,3003,1860,2848,881
$JT,C,94,5515467,5515468,1836,1497,3130,2201,2565,1034,2197,1293,3002,1858,2847,880
$JT,C,95,5515487,5515488,1835,1499,3129,2198,2566,1035,2198,1292,3002,1857,2846,881
$JT,P,96,12,768
$JT,C,96,5515507,5515508,1832,1502,3124,2197,2567,1037,2201,1290,3002,1854,2842,885
$JT,C,97,5515527,5515528,1831,1507,3118,2196,2568,1038,2202,1289,3001,1853,2838,893
$JT,C,98,5515547,5515548,1830,1514,3106,2195,2569,1039,2203,1288,3001,1852,2831,905
$JT,C,99,5515569,5515569,1829,1521,3093,2194,2569,1039,2204,1287,3001,1851,2823,917
$JT,C,100,5515589,5515589,1828,1530,3078,2193,2571,1040,2205,1287,3001,1850,2815,932
$JT,C,101,5515609,5515609,1828,1538,3063,2193,2571,1040,2205,1286,3001,1850,2806,947
$JT,C,102,5515629,5515629,1828,1545,3050,2191,2571,1040,2205,1286,3001,1850,2799,959
$JT,C,103,5515647,5515648,1827,1550,3040,2191,2571,1040,2206,1286,3001,1849,2793,971
$JT,C,104,5515667,5515668,1827,1554,3033,2191,2572,1040,2206,1286,3001,1849,2789,978
$JT,C,105,5515687,5515688,1827,1555,3030,2191,2572,1041,2206,1286,3001,1849,2787,981
$JT,C,106,5515707,5515708,1827,1556,3029,2191,2572,1041,2206,1286,3001,1849,2786,982
$JT,C,107,5515727,5515728,1827,1556,3029,2191,2572,1040,2206,1286,3001,1849,2786,982
$JT,P,108,12,768
$JT,C,108,5515747,5515748,1827,1556,3029,2191,2573,1039,2206,1284,3003,1849,2786,982
$JT,C,109,5515767,5515768,1827,1555,3029,2191,2575,1034,2206,1282,3007,1849,2786,982
$JT,C,110,5515787,5515788,1827,1555,3029,2191,2580,1025,2206,1278,3016,1849,2786,982
$JT,C,111,5515832,5515832,1827,1554,3029,2191,2586,1014,2206,1271,3028,1849,2787,982
$JT,C,112,5515854,5515854,1827,1551,3029,2191,2602,981,2206,1255,3061,1849,2789,982
$JT,C,113,5515874,5515874,1827,1550,3029,2191,2609,965,2206,1248,3077,1849,2791,982
$JT,C,114,5515894,5515894,1827,1548,3029,2191,2615,952,2206,1242,3090,1849,2792,982
$JT,C,115,5515914,5515914,1827,1546,3029,2191,2618,941,2206,1240,3101,1849,2794,981
$JT,C,116,5515934,5515934,1827,1542,3029,2191,2618,934,2206,1240,3109,1849,2797,981
$JT,C,117,5515952,5515953,1827,1540,3030,2191,2617,930,2206,1241,3113,1849,2799,981
$JT,C,118,5515972,5515973,1827,1537,3030,2191,2613,927,2206,1246,3115,1849,2802,981
$JT,C,119,5515992,5515993,1827,1533,3030,2191,2609,926,2206,1250,3118,1849,2806,981
$JT,P,120,12,768
$JT,C,120,5516012,5516013,1827,1529,3030,2191,2604,924,2206,1255,3119,1849,2809,982
$JT,C,121,5516032,5516033,1827,1525,3029,2191,2599,923,2206,1259,3121,1849,2813,982
$JT,C,122,5516052,5516053,1827,1521,3029,2191,2594,922,2206,1265,3122,1849,2817,982
$JT,C,123,5516072,5516073,1827,1516,3029,2191,2589,920,2206,1271,3123,1849,2820,982
$JT,C,124,5516092,5516093,1827,1512,3029,2191,2584,919,2206,1275,3125,1849,2825,983
$JT,C,125,5516108,5516108,1827,1512,3029,2191,2584,919,2206,1275,3125,1849,2825,983
$JT,C,126,5516126,5516127,1827,1512,3029,2191,2584,919,2206,1275,3125,1849,2825,983
$JT,C,127,5516146,5516147,1827,1512,3029,2191,2584,919,2206,1275,3125,1849,2825,983
$JT,C,128,5516166,5516167,1827,1512,3029,2191,2584,919,2206,1275,3125,1849,2825,983
$JT,C,129,5516186,5516187,1827,1512,3029,2191,2584,919,2206,1275,3125,1849,2825,983
$JT,C,130,5516206,5516207,1827,1512,3029,2191,2584,919,2206,1275,3125,1849,2825,983
$JT,C,131,5516226,5516227,1827,1512,3029,2191,2584,919,2206,1275,3125,1849,2825,983
$JT,P,132,12,768
$JT,C,132,5516246,5516247,1827,1512,3029,2191,2584,919,2206,1275,3125,1849,2825,983
$JT,C,133,5516268,5516268,1827,1512,3029,2189,2583,919,2204,1276,3125,1849,2825,983
$JT,C,134,5516288,5516288,1827,1512,3029,2181,2576,920,2196,1283,3123,1849,2825,983
$JT,C,135,5516309,5516310,1827,1512,3029,2163,2564,924,2178,1297,3121,1849,2825,983
$JT,C,136,5516329,5516330,1827,1512,3029,2140,2547,930,2155,1315,3115,1849,2825,983
$JT,C,137,5516349,5516350,1827,1512,3029,2117,2528,938,2132,1334,3107,1849,2825,983
$JT,C,138,5516369,5516370,1827,1512,3029,2099,2514,945,2114,1350,3100,1849,2825,983
$JT,C,139,5516389,5516390,1827,1512,3029,2090,2506,950,2105,1358,3095,1849,2825,983
$JT,C,140,5516408,5516408,1827,1512,3029,2089,2505,951,2104,1359,3095,1849,2825,983
$JT,C,141,5516426,5516427,1827,1512,3029,2089,2505,951,2104,1359,3095,1849,2825,983
$JT,C,142,5516446,5516447,1827,1512,3029,2089,2505,951,2104,1359,3095,1849,2825,983
$JT,C,143,5516468,5516468,1827,1512,3029,2089,2503,951,2104,1361,3094,1849,2825,983
$JT,P,144,12,768
$JT,C,144,5516488,5516488,1827,1512,3029,2089,2501,957,2104,1363,3088,1849,2825,983
$JT,C,145,5516508,5516508,1827,1512,3029,2089,2495,967,2104,1369,3078,1849,2825,983
$JT,C,146,5516529,5516530,1827,1512,3029,2089,2486,983,2104,1378,3062,1849,2825,983
$JT,C,147,5516549,5516550,1827,1512,3029,2089,2475,1002,2104,1389,3043,1849,2825,983
$JT,C,148,5516569,5516570,1827,1512,3029,2089,2465,1022,2104,1399,3023,1849,2825,983
$JT,C,149,5516589,5516590,1827,1512,3029,2089,2456,1039,2104,1408,3006,1849,2825,983
$JT,C,150,5516608,5516608,1827,1512,3029,2089,2449,1050,2104,1415,2995,1849,2825,983
$JT,C,151,5516628,5516628,1827,1512,3029,2089,2447,1056,2104,1417,2989,1849,2825,983
$JT,C,152,5516648,5516648,1827,1512,3029,2089,2445,1057,2104,1419,2988,1849,2825,983
$JT,C,153,5516666,5516667,1827,1512,3029,2089,2445,1057,2104,1419,2988,1849,2825,983
$JT,C,154,5516686,5516687,1827,1512,3029,2089,2445,1057,2104,1419,2988,1849,2825,983
$JT,C,155,5516706,5516707,1827,1512,3029,2089,2445,1057,2104,1419,2988,1849,2825,983
$JT,P,156,12,768
$JT,C,156,5516726,5516727,1827,1512,3029,2089,2445,1057,2104,1419,2988,1849,2825,983
$JT,C,157,5516746,5516747,1827,1512,3029,2089,2445,1057,2104,1419,2988,1849,2825,983
$JT,C,158,5516766,5516767,1827,1512,3029,2089,2445,1057,2104,1419,2988,1849,2825,983
$JT,C,159,5516786,5516787,1827,1512,3029,2089,2445,1057,2104,1419,2988,1849,2825,983
$JT,C,160,5516806,5516807,1827,1512,3029,2089,2445,1057,2104,1419,2988,1849,2825,983
$JT,C,161,5516826,5516827,1827,1512,3029,2089,2445,1057,2104,1419,2988,1849,2825,983
$JT,C,162,5516846,5516847,1827,1512,3029,2089,2445,1057,2104,1419,2988,1849,2825,983
$JT,C,163,5516866,5516867,1827,1512,3029,2089,2445,1057,2104,1419,2988,1849,2825,983
$JT,C,164,5516886,5516887,1827,1512,3029,2089,2445,1057,2104,1419,2988,1849,2825,983
$JT,C,165,5516908,5516908,1827,1510,3030,2089,2445,1057,2104,1419,2988,1849,2826,981
$JT,C,166,5516928,5516928,1827,1506,3037,2089,2445,1057,2104,1419,2988,1849,2830,974
$JT,C,167,5516949,5516950,1827,1499,3050,2089,2445,1057,2104,1419,2988,1849,2838,961
$JT,P,168,12,768
$JT,C,168,5516969,5516970,1827,1489,3069,2089,2445,1057,2104,1419,2988,1849,2848,942
$JT,C,169,5516989,5516990,1827,1479,3086,2089,2445,1057,2104,1419,2988,1849,2858,925
$JT,C,170,5517009,5517010,1827,1471,3099,2089,2445,1057,2104,1419,2988,1849,2866,912
$JT,C,171,5517028,5517028,1827,1467,3106,2089,2445,1057,2104,1419,2988,1849,2869,906
$JT,C,172,5517048,5517048,1827,1466,3107,2089,2445,1057,2104,1419,2988,1849,2871,904
$JT,C,173,5517068,5517068,1829,1467,3107,2089,2445,1057,2104,1419,2988,1851,2869,905
$JT,C,174,5517088,5517088,1837,1471,3105,2089,2445,1057,2104,1419,2988,1859,2866,906
$JT,C,175,5517108,5517108,1855,1476,3101,2089,2445,1057,2104,1419,2988,1877,2859,910
$JT,C,176,5517129,5517130,1878,1485,3093,2089,2445,1057,2104,1419,2988,1900,2849,918
$JT,C,177,5517149,5517150,1901,1496,3083,2089,2445,1057,2104,1419,2988,1923,2838,928
$JT,C,178,5517169,5517170,1919,1504,3075,2089,2445,1057,2104,1419,2988,1941,2828,936
$JT,C,179,5517188,5517188,1928,1508,3071,2089,2445,1057,2104,1419,2988,1950,2824,940
$JT,P,180,12,768
$JT,C,180,5517208,5517208,1929,1509,3070,2089,2445,1057,2104,1419,2988,1951,2823,941
$JT,C,181,5517226,5517227,1929,1509,3070,2089,2445,1057,2104,1419,2988,1951,2823,941
$JT,C,182,5517246,5517247,1929,1509,3070,2089,2445,1057,2104,1419,2988,1951,2823,941
$JT,C,183,5517268,5517268,1929,1509,3069,2089,2445,1057,2104,1419,2988,1951,2823,942
$JT,C,184,5517288,5517288,1929,1512,3065,2089,2445,1057,2104,1419,2988,1951,2820,946
$JT,C,185,5517308,5517308,1929,1516,3057,2089,2445,1057,2104,1419,2988,1951,2816,954
$JT,C,186,5517328,5517328,1929,1523,3045,2089,2445,1057,2104,1419,2988,1951,2809,966
$JT,C,187,5517349,5517350,1929,1531,3030,2089,2445,1057,2104,1419,2988,1951,2801,981
$JT,C,188,5517369,5517370,1929,1539,3015,2089,2445,1057,2104,1419,2988,1951,2793,996
$JT,C,189,5517388,5517388,1929,1546,3003,2089,2445,1057,2104,1419,2988,1951,2786,1008
$JT,C,190,5517408,5517408,1929,1551,2994,2089,2445,1057,2104,1419,2988,1951,2781,1017
$JT,C,191,5517428,5517428,1929,1554,2990,2089,2445,1057,2104,1419,2988,1951,2778,1021
$JT,P,192,12,768
$JT,C,192,5517448,5517448,1929,1554,2989,2089,2445,1057,2104,1419,2988,1951,2778,1022
$JT,C,193,5517466,5517467,1929,1554,2989,2089,2445,1057,2104,1419,2988,1951,2778,1022
$JT,C,194,5517486,5517487,1929,1554,2989,2089,2445,1057,2104,1419,2988,1951,2778,1022
$JT,C,195,5517506,5517507,1929,1554,2989,2089,2445,1057,2104,1419,2988,1951,2778,1022
$JT,C,196,5517526,5517527,1929,1554,2989,2089,2445,1057,2104,1419,2988,1951,2778,1022
$JT,C,197,5517546,5517547,1929,1554,2989,2089,2445,1057,2104,1419,2988,1951,2778,1022
$JT,C,198,5517566,5517567,1929,1554,2989,2089,2445,1057,2104,1419,2988,1951,2778,1022
$JT,C,199,5517586,5517587,1929,1554,2989,2089,2445,1057,2104,1419,2988,1951,2778,1022
$JT,C,200,5517606,5517607,1929,1554,2989,2089,2445,1057,2104,1419,2988,1951,2778,1022
$JT,C,201,5517626,5517627,1929,1554,2989,2089,2445,1057,2104,1419,2988,1951,2778,1022
$JT,C,202,5517646,5517647,1929,1554,2989,2089,2445,1057,2104,1419,2988,1951,2778,1022
$JT,C,203,5517666,5517667,1929,1554,2989,2089,2445,1057,2104,1419,2988,1951,2778,1022
$JT,P,204,12,768
$JT,C,204,5517686,5517687,1929,1554,2989,2089,2445,1057,2104,1419,2988,1951,2778,1022
$JT,C,205,5517706,5517707,1929,1554,2989,2089,2445,1057,2104,1419,2988,1951,2778,1022
$JT,C,206,5517724,5517724,1929,1554,2989,2089,2445,1057,2104,1419,2988,1951,2778,1022
$JT,C,207,5517744,5517744,1929,1554,2989,2089,2445,1057,2104,1419,2988,1951,2778,1022
$JT,C,208,5517764,5517764,1929,1554,2989,2089,2445,1057,2104,1419,2988,1951,2778,1022
$JT,C,209,5517784,5517784,1929,1554,2989,2089,2445,1057,2104,1419,2988,1951,2778,1022
$JT,C,210,5517804,5517804,1929,1554,2989,2089,2445,1057,2104,1419,2988,1951,2778,1022
$JT,C,211,5517824,5517824,1929,1554,2989,2089,2445,1057,2104,1419,2988,1951,2778,1022
$JT,C,212,5517844,5517844,1929,1554,2989,2089,2445,1057,2104,1419,2988,1951,2778,1022
$JT,C,213,5517864,5517864,1929,1554,2989,2089,2445,1057,2104,1419,2988,1951,2778,1022
$JT,C,214,5517884,5517884,1929,1554,2989,2089,2445,1057,2104,1419,2988,1951,2778,1022
$JT,C,215,5517904,5517904,1929,1554,2989,2089,2445,1057,2104,1419,2988,1951,2778,1022
$JT,P,216,12,768
$JT,C,216,5517924,5517924,1929,1554,2989,2089,2445,1057,2104,1419,2988,1951,2778,1022
$JT,C,217,5517944,5517944,1929,1554,2989,2089,2445,1057,2104,1419,2988,1951,2778,1022
$JT,C,218,5517964,5517964,1929,1554,2989,2089,2445,1057,2104,1419,2988,1951,2778,1022
$JT,C,219,5517984,5517984,1929,1554,2989,2089,2445,1057,2104,1419,2988,1951,2778,1022
$JT,C,220,5518004,5518004,1929,1554,2989,2089,2445,1057,2104,1419,2988,1951,2778,1022
$JT,C,221,5518024,5518024,1929,1554,2989,2089,2445,1057,2104,1419,2988,1951,2778,1022
$JT,C,222,5518044,5518044,1929,1554,2989,2089,2445,1057,2104,1419,2988,1951,2778,1022
$JT,C,223,5518064,5518064,1929,1554,2989,2089,2445,1057,2104,1419,2988,1951,2778,1022
$JT,C,224,5518084,5518084,1929,1554,2989,2089,2445,1057,2104,1419,2988,1951,2778,1022
$JT,C,225,5518104,5518104,1929,1554,2989,2089,2445,1057,2104,1419,2988,1951,2778,1022
$JT,C,226,5518124,5518124,1929,1554,2989,2089,2445,1057,2104,1419,2988,1951,2778,1022
$JT,C,227,5518144,5518144,1929,1554,2989,2089,2445,1057,2104,1419,2988,1951,2778,1022
$JT,P,228,12,768
$JT,C,228,5518164,5518164,1929,1554,2989,2089,2445,1057,2104,1419,2988,1951,2778,1022
$JT,C,229,5518184,5518184,1929,1554,2989,2089,2445,1057,2104,1419,2988,1951,2778,1022
$JT,C,230,5518204,5518204,1929,1554,2989,2089,2445,1057,2104,1419,2988,1951,2778,1022
$JT,C,231,5518224,5518224,1929,1554,2989,2089,2445,1057,2104,1419,2988,1951,2778,1022
$JT,C,232,5518244,5518244,1929,1554,2989,2089,2445,1057,2104,1419,2988,1951,2778,1022
$JT,C,233,5518264,5518264,1929,1554,2989,2089,2445,1057,2104,1419,2988,1951,2778,1022
$JT,C,234,5518284,5518284,1929,1554,2989,2089,2445,1057,2104,1419,2988,1951,2778,1022
$JT,C,235,5518304,5518304,1929,1554,2989,2089,2445,1057,2104,1419,2988,1951,2778,1022
$JT,C,236,5518324,5518324,1929,1554,2989,2089,2445,1057,2104,1419,2988,1951,2778,1022
$JT,C,237,5518344,5518344,1929,1554,2989,2089,2445,1057,2104,1419,2988,1951,2778,1022
$JT,C,238,5518364,5518364,1929,1554,2989,2089,2445,1057,2104,1419,2988,1951,2778,1022
$JT,C,239,5518384,5518384,1929,1554,2989,2089,2445,1057,2104,1419,2988,1951,2778,1022
$JT,P,240,12,768
$JT,C,240,5518404,5518404,1929,1554,2989,2089,2445,1057,2104,1419,2988,1951,2778,1022
$JT,C,241,5518424,5518424,1929,1554,2989,2089,2445,1057,2104,1419,2988,1951,2778,1022
$JT,C,242,5518444,5518444,1929,1554,2989,2089,2445,1057,2104,1419,2988,1951,2778,1022
$JT,C,243,5518464,5518464,1929,1554,2989,2089,2445,1057,2104,1419,2988,1951,2778,1022
$JT,C,244,5518484,5518484,1929,1554,2989,2089,2445,1057,2104,1419,2988,1951,2778,1022
$JT,C,245,5518504,5518504,1929,1554,2989,2089,2445,1057,2104,1419,2988,1951,2778,1022
$JT,C,246,5518524,5518524,1929,1554,2989,2089,2445,1057,2104,1419,2988,1951,2778,1022
$JT,C,247,5518544,5518544,1929,1554,2989,2089,2445,1057,2104,1419,2988,1951,2778,1022
$JT,C,248,5518564,5518564,1929,1554,2989,2089,2445,1057,2104,1419,2988,1951,2778,1022
$JT,C,249,5518584,5518584,1929,1554,2989,2089,2445,1057,2104,1419,2988,1951,2778,1022
$JT,C,250,5518604,5518604,1929,1554,2989,2089,2445,1057,2104,1419,2988,1951,2778,1022
$JT,C,251,5518624,5518624,1929,1554,2989,2089,2445,1057,2104,1419,2988,1951,2778,1022
$JT,P,252,12,768
$JT,C,252,5518644,5518644,1929,1554,2989,2089,2445,1057,2104,1419,2988,1951,2778,1022
$JT,C,253,5518664,5518664,1929,1554,2989,2089,2445,1057,2104,1419,2988,1951,2778,1022
$JT,C,254,5518684,5518684,1929,1554,2989,2089,2445,1057,2104,1419,2988,1951,2778,1022
$JT,C,255,5518704,5518704,1929,1554,2989,2089,2445,1057,2104,1419,2988,1951,2778,1022
$JT,S,5513587,5513589,0,0,0,1929,0,0,0,11700,34,0
$JT,S,5513589,5513591,0,1,0,1555,0,8,1,11800,32,0
$JT,S,5513609,5513611,1,2,0,3002,0,112,11,11900,35,0
$JT,S,5513611,5513613,1,3,0,2082,0,-64,2,11900,35,0
$JT,S,5513629,5513631,2,4,0,2441,0,-32,2,11900,32,0
$JT,S,5513631,5513633,2,5,0,1037,0,-160,11,12000,34,0
$JT,S,5513649,5513651,3,6,0,2095,0,-80,3,11800,34,0
$JT,S,5513651,5513653,3,7,0,1421,0,40,2,11900,31,0
$JT,P,264,12,768
$JT,S,5513668,5513670,4,8,0,3003,0,88,4,11800,37,0
$JT,S,5513670,5513672,4,9,0,1954,0,32,0,11900,35,0
$JT,S,5513688,5513690,5,10,0,2773,0,-40,2,11700,33,0
$JT,S,5513690,5513692,5,11,0,1000,0,-184,12,11800,35,0
$JT,S,5513709,5513711,6,0,0,1929,0,0,0,11700,34,0
$JT,S,5513711,5513713,6,1,0,1555,0,8,0,11900,32,0
$JT,S,5513729,5513731,7,2,0,3002,0,112,13,11900,35,0
$JT,S,5513731,5513733,7,3,0,2082,0,-84,3,11900,35,0
$JT,S,5513749,5513751,8,4,0,2457,250,-152,23,11900,32,0
$JT,S,5513751,5513753,8,5,0,1030,-250,76,0,12000,34,0
$JT,S,5513769,5513771,9,6,0,2095,0,-80,3,11800,34,0
$JT,S,5513771,5513773,9,7,0,1395,-350,136,16,11800,31,0
$JT,P,276,12,768
$JT,S,5513789,5513791,10,8,0,3027,350,-128,0,11800,37,0
$JT,S,5513791,5513793,10,9,0,1955,50,40,1,11900,35,0
$JT,S,5513808,5513810,11,10,0,2776,50,-8,0,11800,33,0
$JT,S,5513810,5513812,11,11,0,998,-50,-204,18,11700,35,0
$JT,S,5513828,5513830,12,0,0,1931,0,24,0,11700,34,0
$JT,S,5513830,5513832,12,1,0,1551,0,-32,2,11800,32,0
$JT,S,5513848,5513850,13,2,0,3002,0,112,9,11900,35,0
$JT,S,5513850,5513852,13,3,0,2094,150,-60,1,11900,35,0
$JT,S,5513868,5513870,14,4,0,2512,550,-88,5,11900,70,0
$JT,S,5513870,5513872,14,4,0,2513,550,-80,4,11900,32,0
$JT,S,5513888,5513890,15,5,0,968,-550,132,0,12000,34,0
$JT,S,5513890,5513892,15,6,0,2108,100,44,1,11800,34,0
$JT,P,288,12,768
$JT,S,5513908,5513910,16,7,0,1346,-200,44,2,11900,31,0
$JT,S,5513910,5513912,16,8,0,3078,450,-104,0,11800,37,0
$JT,S,5513928,5513930,17,9,0,1958,50,68,2,11900,35,0
$JT,S,5513930,5513932,17,10,0,2776,-50,-32,2,11800,33,0
$JT,S,5513948,5513950,18,11,0,998,0,-200,16,11700,35,0
$JT,S,5513950,5513952,18,0,0,1933,0,40,0,11700,34,0
$JT,S,5513968,5513970,19,1,0,1547,-100,-12,1,11800,32,0
$JT,S,5513970,5513972,19,2,0,3003,0,120,11,12000,35,0
$JT,S,5513988,5513990,20,3,0,2122,250,-68,1,11900,36,0
$JT,S,5513990,5513992,20,4,0,2534,150,-28,1,11900,32,0
$JT,S,5514008,5514010,21,5,0,937,-200,60,1,12000,34,0
$JT,S,5514010,5514012,21,6,0,2108,0,40,1,11800,34,0
$JT,P,300,12,768
$JT,S,5514028,5514030,22,7,0,1341,0,24,1,11900,31,0
$JT,S,5514030,5514032,22,8,0,3094,150,20,1,11800,37,0
$JT,S,5514048,5514050,23,9,0,1959,0,72,3,11900,35,0
$JT,S,5514050,5514052,23,10,0,2778,50,-112,22,11800,33,0
$JT,S,5514068,5514070,24,11,0,997,0,-208,23,11800,35,0
$JT,S,5514070,5514072,24,0,0,1933,-50,36,0,11700,34,0
$JT,S,5514088,5514090,25,1,0,1540,0,56,3,11800,32,0
$JT,S,5514090,5514092,25,2,0,3004,0,140,14,11800,35,0
$JT,S,5514108,5514110,26,3,0,2152,250,-108,2,11900,35,0
$JT,S,5514110,5514112,26,4,0,2540,0,-16,0,11900,32,0
$JT,S,5514128,5514130,27,5,0,923,-100,64,1,12000,34,0
$JT,S,5514130,5514132,27,6,0,2104,-50,0,0,11800,34,0
$JT,P,312,12,768
$JT,S,5514148,5514150,28,7,0,1345,50,0,0,11800,31,0
$JT,S,5514150,5514152,28,8,0,3099,50,52,1,11800,37,0
$JT,S,5514168,5514170,29,9,0,1959,0,72,2,11800,35,0
$JT,S,5514170,5514172,29,10,0,2796,200,-156,40,11700,33,0
$JT,S,5514188,5514190,30,11,0,996,0,-240,30,11700,35,0
$JT,S,5514190,5514192,30,0,0,1930,-50,-20,0,11700,34,0
$JT,S,5514208,5514210,31,1,0,1519,-200,104,9,11800,32,0
$JT,S,5514210,5514212,31,2,0,3004,0,180,26,12000,35,0
$JT,S,5514228,5514230,32,3,0,2190,300,-120,1,11900,35,0
$JT,S,5514230,5514232,32,4,0,2536,-50,16,0,11900,32,0
$JT,S,5514248,5514250,33,5,0,912,-100,52,1,12000,34,0
$JT,S,5514250,5514252,33,6,0,2102,0,-24,1,11800,34,0
$JT,P,324,12,768
$JT,S,5514268,5514270,34,7,0,1353,100,-48,3,11800,31,0
$JT,S,5514270,5514272,34,8,0,3097,-50,28,1,11800,37,0
$JT,S,5514288,5514290,35,9,0,1958,0,64,2,11800,35,0
$JT,S,5514290,5514292,35,10,0,2827,300,-136,20,11700,33,0
$JT,S,5514308,5514310,36,11,0,997,0,-292,45,11600,35,0
$JT,S,5514310,5514312,36,0,0,1930,0,0,0,11700,34,0
$JT,S,5514328,5514330,37,1,0,1483,-350,68,4,11800,32,0
$JT,S,5514330,5514332,37,2,0,3005,0,252,45,11700,35,0
$JT,S,5514348,5514350,38,3,0,2232,350,-108,1,11900,35,0
$JT,S,5514350,5514352,38,4,0,2524,-150,0,0,11800,32,0
$JT,S,5514368,5514370,39,5,0,908,0,32,1,11900,34,0
$JT,S,5514370,5514372,39,6,0,2104,150,24,0,11800,34,0
$JT,P,336,12,768
$JT,S,5514388,5514390,40,7,0,1369,250,-32,1,11800,31,0
$JT,S,5514390,5514392,40,8,0,3094,50,20,0,11800,37,0
$JT,S,5514408,5514410,41,9,0,1958,0,64,2,11800,35,0
$JT,S,5514410,5514412,41,10,0,2859,200,-64,4,11700,33,0
$JT,S,5514428,5514430,42,11,0,1003,150,-304,32,11700,35,0
$JT,S,5514430,5514432,42,0,0,1930,0,0,0,11700,34,0
$JT,S,5514448,5514450,43,1,0,1456,-200,4,1,11800,32,0
$JT,S,5514450,5514452,43,2,0,2997,-150,268,32,11800,35,0
$JT,S,5514468,5514470,44,3,0,2267,350,-76,1,11900,35,0
$JT,S,5514470,5514472,44,4,0,2515,-50,8,0,11900,32,0
$JT,S,5514488,5514490,45,5,0,908,0,-20,0,12000,34,0
$JT,S,5514490,5514492,45,6,0,2108,0,40,1,11800,34,0
$JT,P,348,12,768
$JT,S,5514508,5514510,46,7,0,1380,-100,-72,4,11800,31,0
$JT,S,5514510,5514512,46,8,0,3093,50,100,4,11800,37,0
$JT,S,5514529,5514531,47,9,0,1958,0,64,2,11900,35,0
$JT,S,5514531,5514533,47,10,0,2876,50,-8,0,11700,33,0
$JT,S,5514549,5514551,48,11,0,1014,150,-256,26,11700,35,0
$JT,S,5514551,5514553,48,0,0,1934,0,48,1,11700,34,0
$JT,S,5514569,5514571,49,1,0,1443,-50,-36,3,11800,32,0
$JT,S,5514571,5514573,49,2,0,2986,0,204,39,11800,35,0
$JT,S,5514589,5514591,50,3,0,2284,150,-64,1,11900,35,0
$JT,S,5514591,5514593,50,4,0,2486,-300,84,6,11900,32,0
$JT,S,5514608,5514610,51,5,0,931,450,-232,10,11900,34,0
$JT,S,5514610,5514612,51,6,0,2108,50,40,1,11800,34,0
$JT,P,360,12,768
$JT,S,5514628,5514630,52,7,0,1426,450,-68,5,11800,31,0
$JT,S,5514630,5514632,52,8,0,3049,-300,208,5,11800,37,0
$JT,S,5514648,5514650,53,9,0,1958,0,64,2,11900,35,0
$JT,S,5514650,5514652,53,10,0,2882,0,24,1,11800,33,0
$JT,S,5514668,5514670,54,11,0,1026,100,-168,9,11800,35,0
$JT,S,5514670,5514672,54,0,0,1935,0,56,1,11700,34,0
$JT,S,5514688,5514690,55,1,0,1442,0,-40,3,11900,32,0
$JT,S,5514690,5514692,55,2,0,2969,-100,64,3,11900,35,0
$JT,S,5514708,5514710,56,3,0,2287,0,-64,3,11900,35,0
$JT,S,5514710,5514712,56,4,0,2461,-100,40,1,11900,32,0
$JT,S,5514728,5514730,57,5,0,979,350,-248,16,11900,34,0
$JT,S,5514730,5514732,57,6,0,2102,0,-28,1,11800,34,0
$JT,P,372,12,768
$JT,S,5514748,5514750,58,7,0,1446,50,24,1,11900,31,0
$JT,S,5514750,5514752,58,8,0,3002,-300,128,6,11800,37,0
$JT,S,5514768,5514770,59,9,0,1956,0,48,2,11900,35,0
$JT,S,5514770,5514772,59,10,0,2881,0,-40,2,11800,33,0
$JT,S,5514789,5514791,60,11,0,1028,0,-20,1,11800,35,0
$JT,S,5514791,5514793,60,0,0,1934,0,52,1,11700,34,0
$JT,S,5514809,5514811,61,1,0,1435,-150,80,3,11900,33,0
$JT,S,5514811,5514813,61,2,0,2971,100,-124,3,11900,35,0
$JT,S,5514829,5514831,62,3,0,2286,0,-56,3,11900,35,0
$JT,S,5514831,5514833,62,4,0,2458,0,-8,0,11900,32,0
$JT,S,5514849,5514851,63,5,0,992,0,-152,9,12000,34,0
$JT,S,5514851,5514853,63,6,0,2100,0,-56,1,11800,34,0
$JT,P,384,12,768
$JT,S,5514869,5514871,64,7,0,1444,-100,76,5,11800,32,0
$JT,S,5514871,5514873,64,8,0,3004,100,132,8,11800,38,0
$JT,S,5514889,5514891,65,9,0,1956,0,92,4,11900,35,0
$JT,S,5514891,5514893,65,10,0,2913,250,-100,13,11800,33,0
$JT,S,5514908,5514910,66,11,0,982,-450,136,0,11800,35,0
$JT,S,5514910,5514912,66,0,0,1926,-100,40,0,11700,34,0
$JT,S,5514928,5514930,67,1,0,1399,-100,16,1,11800,32,0
$JT,S,5514930,5514932,67,2,0,3026,500,-224,6,11900,35,0
$JT,S,5514948,5514950,68,3,0,2285,0,0,0,11900,35,0
$JT,S,5514950,5514952,68,4,0,2469,150,-32,0,11900,32,0
$JT,S,5514968,5514970,69,5,0,991,0,-160,10,12000,34,0
$JT,S,5514970,5514972,69,6,0,2099,0,-132,7,11800,34,0
$JT,P,396,12,768
$JT,S,5514989,5514991,70,7,0,1431,-150,136,20,12000,31,0
$JT,S,5514991,5514993,70,8,0,3007,0,92,5,11800,37,0
$JT,S,5515009,5515011,71,9,0,1944,-50,84,2,11900,35,0
$JT,S,5515011,5515013,71,10,0,2919,50,44,2,11800,33,0
$JT,S,5515029,5515031,72,11,0,925,-450,52,0,11800,35,0
$JT,S,5515031,5515033,72,0,0,1915,-100,48,1,11700,34,0
$JT,S,5515049,5515051,73,1,0,1416,200,-44,1,11800,32,0
$JT,S,5515051,5515053,73,2,0,3081,350,-104,5,11900,35,0
$JT,S,5515069,5515071,74,3,0,2287,0,164,9,11900,35,0
$JT,S,5515071,5515073,74,4,0,2487,150,-80,5,11900,32,0
$JT,S,5515089,5515091,75,5,0,991,0,-172,16,11900,34,0
$JT,S,5515091,5515093,75,6,0,2113,150,-152,7,11700,34,0
$JT,P,408,12,768
$JT,S,5515109,5515111,76,7,0,1401,-300,160,24,12000,31,0
$JT,S,5515111,5515113,76,8,0,3006,0,24,1,11700,37,0
$JT,S,5515128,5515130,77,9,0,1944,0,228,22,11800,35,0
$JT,S,5515130,5515132,77,10,0,2902,-150,112,13,11700,33,0
$JT,S,5515148,5515150,78,11,0,901,-150,0,0,11700,35,0
$JT,S,5515150,5515152,78,0,0,1898,-150,56,0,11700,34,0
$JT,S,5515168,5515170,79,1,0,1444,300,-44,1,11800,33,0
$JT,S,5515170,5515172,79,2,0,3103,100,-76,4,11900,35,0
$JT,S,5515188,5515190,80,3,0,2291,0,360,55,11800,35,0
$JT,S,5515190,5515192,80,4,0,2511,200,-96,7,11800,35,0
$JT,S,5515208,5515210,81,5,0,991,0,-200,22,11900,34,0
$JT,S,5515210,5515212,81,6,0,2137,250,-112,3,11800,34,0
$JT,P,420,12,768
$JT,S,5515228,5515230,82,7,0,1356,-400,92,6,11800,31,0
$JT,S,5515230,5515232,82,8,0,3006,0,0,0,11800,37,0
$JT,S,5515248,5515250,83,9,0,1925,-250,236,18,11700,35,0
$JT,S,5515250,5515252,83,10,0,2889,-50,184,53,11700,33,0
$JT,S,5515268,5515270,84,11,0,891,-50,24,0,11700,35,0
$JT,S,5515270,5515272,84,0,0,1875,-150,48,0,11700,34,0
$JT,S,5515288,5515290,85,1,0,1470,200,-36,1,11800,32,0
$JT,S,5515290,5515292,85,2,0,3117,50,-44,1,11900,35,0
$JT,S,5515308,5515310,86,3,0,2270,-250,336,50,11800,35,0
$JT,S,5515310,5515312,86,4,0,2530,100,-128,22,11800,32,0
$JT,S,5515328,5515330,87,5,0,990,0,-276,33,11800,34,0
$JT,S,5515330,5515332,87,6,0,2161,200,-100,3,11800,34,0
$JT,P,432,12,768
$JT,S,5515348,5515350,88,7,0,1326,-200,88,9,11800,31,0
$JT,S,5515350,5515352,88,8,0,3006,0,0,0,11800,37,0
$JT,S,5515368,5515370,89,9,0,1893,-250,148,6,11800,35,0
$JT,S,5515370,5515372,89,10,0,2879,-100,216,60,11500,33,0
$JT,S,5515388,5515390,90,11,0,884,-50,20,0,11700,35,0
$JT,S,5515390,5515392,90,0,0,1855,-150,56,0,11700,34,0
$JT,S,5515408,5515410,91,1,0,1489,150,-8,0,11700,32,0
$JT,S,5515410,5515412,91,2,0,3124,100,-44,1,11800,35,0
$JT,S,5515428,5515430,92,3,0,2239,-250,252,24,11700,35,0
$JT,S,5515430,5515432,92,4,0,2534,0,-208,66,11900,32,0
$JT,S,5515448,5515450,93,5,0,989,0,-356,61,11700,34,0
$JT,S,5515450,5515452,93,6,0,2174,150,-148,17,11700,34,0
$JT,P,444,12,768
$JT,S,5515468,5515470,94,7,0,1312,-100,140,27,11700,31,0
$JT,S,5515470,5515472,94,8,0,3011,50,80,3,11700,37,0
$JT,S,5515488,5515490,95,9,0,1880,-100,184,13,11700,35,0
$JT,S,5515490,5515492,95,10,0,2871,0,200,64,11600,33,0
$JT,S,5515508,5515510,96,11,0,883,0,24,0,11600,35,0
$JT,S,5515510,5515512,96,0,0,1838,-100,36,0,11600,34,0
$JT,S,5515528,5515530,97,1,0,1499,50,-24,1,11700,32,0
$JT,S,5515530,5515532,97,2,0,3126,0,24,0,11800,35,0
$JT,S,5515548,5515550,98,3,0,2221,-100,216,16,11800,35,0
$JT,S,5515550,5515552,98,4,0,2541,100,-216,50,11600,32,0
$JT,S,5515569,5515571,99,5,0,989,0,-412,83,11700,34,0
$JT,S,5515571,5515573,99,6,0,2186,100,-136,7,11700,34,0
$JT,P,456,12,768
$JT,S,5515589,5515591,100,7,0,1296,-200,72,6,11800,31,0
$JT,S,5515591,5515593,100,8,0,3013,0,104,5,11700,37,0
$JT,S,5515609,5515611,101,9,0,1869,-150,152,8,11800,36,0
$JT,S,5515611,5515613,101,10,0,2841,-350,208,40,11500,33,0
$JT,S,5515629,5515631,102,11,0,902,500,-152,2,11700,35,0
$JT,S,5515631,5515633,102,0,0,1829,-50,-20,0,11700,34,0
$JT,S,5515648,5515650,103,1,0,1536,400,-60,3,11800,32,0
$JT,S,5515650,5515652,103,2,0,3098,-400,188,3,11800,35,0
$JT,S,5515668,5515670,104,3,0,2212,-50,180,15,11800,35,0
$JT,S,5515670,5515672,104,4,0,2560,50,-88,10,11800,32,0
$JT,S,5515688,5515690,105,5,0,989,0,-416,86,11700,34,0
$JT,S,5515690,5515692,105,6,0,2189,0,-148,9,11800,34,0
$JT,P,468,12,768
$JT,S,5515708,5515710,106,7,0,1289,-50,24,0,11800,31,0
$JT,S,5515710,5515712,106,8,0,3009,0,72,3,11800,37,0
$JT,S,5515728,5515730,107,9,0,1866,0,144,9,11800,35,0
$JT,S,5515730,5515732,107,10,0,2806,-250,160,39,11700,33,0
$JT,S,5515748,5515750,108,11,0,960,300,-136,2,11700,35,0
$JT,S,5515750,5515752,108,0,0,1829,0,24,0,11700,34,0
$JT,S,5515768,5515770,109,1,0,1556,50,12,0,11800,32,0
$JT,S,5515770,5515772,109,2,0,3049,-300,160,16,12000,35,0
$JT,S,5515788,5515819,110,3,0,2209,-50,152,8,11900,35,0
$JT,S,5515819,5515821,110,4,0,2563,0,-136,28,11900,32,0
$JT,S,5515832,5515834,111,5,0,1009,50,-132,7,11900,34,0
$JT,S,5515834,5515836,111,6,0,2194,0,-104,5,11800,34,0
$JT,P,480,12,768
$JT,S,5515854,5515856,112,7,0,1279,-50,68,3,11800,31,0
$JT,S,5515856,5515858,112,8,0,3019,250,0,0,11800,37,0
$JT,S,5515874,5515876,113,9,0,1867,0,152,12,11900,35,0
$JT,S,5515876,5515878,113,10,0,2799,-50,80,9,11800,33,0
$JT,S,5515894,5515896,114,11,0,979,-50,-36,1,11800,35,0
$JT,S,5515896,5515898,114,0,0,1826,-50,0,0,11700,34,0
$JT,S,5515914,5515916,115,1,0,1554,-50,60,3,11800,32,0
$JT,S,5515916,5515918,115,2,0,3046,0,144,12,11900,35,0
$JT,S,5515934,5515936,116,3,0,2202,-50,92,4,11900,35,0
$JT,S,5515936,5515938,116,4,0,2605,700,-104,4,11900,32,0
$JT,S,5515953,5515955,117,5,0,996,-250,244,7,12000,34,0
$JT,S,5515955,5515957,117,6,0,2195,50,-92,3,11800,34,0
$JT,P,492,12,768
$JT,S,5515973,5515975,118,7,0,1241,-100,-4,0,11900,31,0
$JT,S,5515975,5515977,118,8,0,3065,550,-152,0,11800,37,0
$JT,S,5515993,5515995,119,9,0,1867,0,152,11,11900,35,0
$JT,S,5515995,5515997,119,10,0,2804,100,16,1,11800,33,0
$JT,S,5516013,5516015,120,11,0,971,-100,-96,4,11800,35,0
$JT,S,5516015,5516017,120,0,0,1835,50,80,2,11700,34,0
$JT,S,5516033,5516035,121,1,0,1538,-150,84,6,11900,33,0
$JT,S,5516035,5516037,121,2,0,3049,0,168,19,11900,35,0
$JT,S,5516053,5516055,122,3,0,2196,0,48,1,11900,35,0
$JT,S,5516055,5516057,122,4,0,2602,-250,32,0,11900,32,0
$JT,S,5516073,5516075,123,5,0,936,-350,100,1,12000,34,0
$JT,S,5516075,5516077,123,6,0,2200,0,-56,1,11800,34,0
$JT,P,504,12,768
$JT,S,5516093,5516095,124,7,0,1259,250,-96,9,11800,31,0
$JT,S,5516095,5516097,124,8,0,3113,300,-68,0,11800,37,0
$JT,S,5516108,5516110,125,9,0,1868,0,160,12,11900,35,0
$JT,S,5516110,5516112,125,10,0,2816,0,-64,4,11700,33,0
$JT,S,5516127,5516129,126,11,0,965,-50,-160,10,11800,35,0
$JT,S,5516129,5516131,126,0,0,1836,0,80,2,11700,34,0
$JT,S,5516147,5516149,127,1,0,1536,0,192,52,11600,33,0
$JT,S,5516149,5516151,127,2,0,3050,0,176,17,11900,35,0
$JT,S,5516167,5516169,128,3,0,2194,0,32,1,11900,35,0
$JT,S,5516169,5516171,128,4,0,2582,-50,-16,0,11900,32,0
$JT,S,5516187,5516189,129,5,0,922,-50,28,0,12000,34,0
$JT,S,5516189,5516191,129,6,0,2199,0,-64,2,11800,85,0
$JT,P,516,12,768
$JT,S,5516207,5516209,130,6,0,2199,0,-64,2,11800,34,0
$JT,S,5516209,5516211,130,7,0,1272,0,-24,2,11800,31,0
$JT,S,5516227,5516229,131,8,0,3122,0,-32,1,11800,37,0
$JT,S,5516229,5516231,131,9,0,1868,0,160,13,11900,35,0
$JT,S,5516247,5516249,132,10,0,2823,50,-16,0,11800,33,0
$JT,S,5516249,5516251,132,11,0,963,0,-168,13,11800,35,0
$JT,S,5516269,5516271,133,0,0,1837,0,88,4,11700,34,0
$JT,S,5516271,5516273,133,1,0,1530,-150,140,27,11900,33,0
$JT,S,5516288,5516290,134,2,0,3050,0,176,19,11900,35,0
$JT,S,5516290,5516292,134,3,0,2194,0,52,1,11900,35,0
$JT,S,5516310,5516312,135,4,0,2582,0,52,1,11900,32,0
$JT,S,5516312,5516314,135,5,0,922,0,20,0,12000,34,0
$JT,P,528,12,768
$JT,S,5516330,5516332,136,6,0,2200,0,44,0,11800,34,0
$JT,S,5516332,5516334,136,7,0,1278,0,-128,17,11800,31,0
$JT,S,5516350,5516352,137,8,0,3121,-50,32,1,11700,37,0
$JT,S,5516352,5516354,137,9,0,1867,-50,148,12,11900,35,0
$JT,S,5516370,5516372,138,10,0,2828,0,24,1,11800,33,0
$JT,S,5516372,5516374,138,11,0,966,0,-144,9,11800,35,0
$JT,S,5516390,5516392,139,0,0,1835,0,72,2,11700,34,0
$JT,S,5516392,5516394,139,1,0,1522,-50,80,9,11800,33,0
$JT,S,5516408,5516410,140,2,0,3050,0,176,21,11900,36,0
$JT,S,5516410,5516412,140,3,0,2166,-450,224,6,11900,35,0
$JT,S,5516427,5516429,141,4,0,2510,-750,36,0,11900,32,0
$JT,S,5516429,5516431,141,5,0,936,300,-96,1,12000,34,0
$JT,P,540,12,768
$JT,S,5516447,5516449,142,6,0,2161,-550,236,6,11800,34,0
$JT,S,5516449,5516451,142,7,0,1347,550,-92,12,11800,31,0
$JT,S,5516468,5516470,143,8,0,3103,-50,80,2,11800,37,0
$JT,S,5516470,5516472,143,9,0,1859,-100,80,3,11900,35,0
$JT,S,5516488,5516490,144,10,0,2828,0,24,0,11800,33,0
$JT,S,5516490,5516492,144,11,0,967,0,-136,8,11800,35,0
$JT,S,5516508,5516510,145,0,0,1826,-50,0,0,11700,34,0
$JT,S,5516510,5516512,145,1,0,1523,50,88,15,11800,32,0
$JT,S,5516530,5516532,146,2,0,3051,0,184,20,11900,35,0
$JT,S,5516532,5516534,146,3,0,2103,-400,104,1,11900,35,0
$JT,S,5516550,5516552,147,4,0,2494,-100,52,3,11900,32,0
$JT,S,5516552,5516554,147,5,0,951,0,-132,3,12000,34,0
$JT,P,552,12,768
$JT,S,5516570,5516572,148,6,0,2112,-200,60,1,11800,34,0
$JT,S,5516572,5516574,148,7,0,1370,300,-140,18,11800,31,0
$JT,S,5516590,5516592,149,8,0,3085,-350,192,6,11800,37,0
$JT,S,5516592,5516594,149,9,0,1849,-50,0,0,11900,35,0
$JT,S,5516608,5516610,150,10,0,2828,0,24,0,11800,33,0
$JT,S,5516610,5516612,150,11,0,966,0,-144,8,11800,35,0
$JT,S,5516628,5516630,151,0,0,1828,0,0,0,11700,34,0
$JT,S,5516630,5516632,151,1,0,1524,0,96,19,11800,32,0
$JT,S,5516648,5516650,152,2,0,3051,0,184,22,11900,35,0
$JT,S,5516650,5516652,152,3,0,2093,0,40,1,11900,35,0
$JT,S,5516667,5516669,153,4,0,2448,-350,20,0,11900,32,0
$JT,S,5516669,5516671,153,5,0,996,500,-292,17,11900,34,0
$JT,P,564,12,768
$JT,S,5516687,5516689,154,6,0,2109,-100,40,1,11800,34,0
$JT,S,5516689,5516691,154,7,0,1406,150,-104,18,11800,31,0
$JT,S,5516707,5516709,155,8,0,3017,-600,144,1,11800,37,0
$JT,S,5516709,5516711,155,9,0,1847,0,-24,1,11900,35,0
$JT,S,5516727,5516729,156,10,0,2827,0,16,0,11800,33,0
$JT,S,5516729,5516731,156,11,0,967,0,-136,7,11800,35,0
$JT,S,5516747,5516749,157,0,0,1828,-100,-24,0,11700,34,0
$JT,S,5516749,5516751,157,1,0,1520,-100,64,6,11800,33,0
$JT,S,5516767,5516769,158,2,0,3041,-100,96,4,11900,35,0
$JT,S,5516769,5516771,158,3,0,2093,-50,36,0,11900,35,0
$JT,S,5516787,5516789,159,4,0,2444,50,-8,0,11900,32,0
$JT,S,5516789,5516791,159,5,0,1028,100,-232,28,11900,34,0
$JT,P,576,12,768
$JT,S,5516807,5516809,160,6,0,2102,-50,-28,1,11800,34,0
$JT,S,5516809,5516811,160,7,0,1417,100,-16,0,11900,31,0
$JT,S,5516827,5516829,161,8,0,2997,0,80,4,11800,37,0
$JT,S,5516829,5516831,161,9,0,1845,0,-40,1,11900,35,0
$JT,S,5516847,5516849,162,10,0,2828,0,24,1,11800,33,0
$JT,S,5516849,5516851,162,11,0,967,0,-136,9,11800,35,0
$JT,S,5516867,5516869,163,0,0,1826,0,0,0,11700,34,0
$JT,S,5516869,5516871,163,1,0,1519,0,56,5,11800,32,0
$JT,S,5516887,5516889,164,2,0,3040,0,96,5,11900,35,0
$JT,S,5516889,5516891,164,3,0,2091,0,24,0,11900,35,0
$JT,S,5516908,5516910,165,4,0,2440,0,-40,2,11900,32,0
$JT,S,5516910,5516912,165,5,0,1030,0,-220,26,12000,34,0
$JT,P,588,12,768
$JT,S,5516928,5516930,166,6,0,2105,50,0,0,11800,34,0
$JT,S,5516930,5516932,166,7,0,1420,50,8,0,11800,31,0
$JT,S,5516950,5516952,167,8,0,2999,0,96,4,11800,37,0
$JT,S,5516952,5516954,167,9,0,1846,0,-32,1,11900,35,0
$JT,S,5516970,5516972,168,10,0,2828,150,-56,3,11800,33,0
$JT,S,5516972,5516974,168,11,0,967,0,-36,1,11800,35,0
$JT,S,5516990,5516992,169,0,0,1825,-50,-28,1,11700,34,0
$JT,S,5516992,5516994,169,1,0,1512,-250,188,35,11800,32,0
$JT,S,5517010,5517012,170,2,0,3045,150,-68,0,11900,35,0
$JT,S,5517012,5517014,170,3,0,2087,-50,-24,1,11900,35,0
$JT,S,5517028,5517030,171,4,0,2441,0,-32,1,11900,32,0
$JT,S,5517030,5517032,171,5,0,1034,50,-188,14,11900,34,0
$JT,P,600,12,768
$JT,S,5517048,5517050,172,6,0,2102,-50,-28,0,11800,34,0
$JT,S,5517050,5517052,172,7,0,1416,-50,-24,1,11900,31,0
$JT,S,5517068,5517070,173,8,0,3000,0,104,5,11800,37,0
$JT,S,5517070,5517072,173,9,0,1846,0,-32,1,11900,35,0
$JT,S,5517088,5517090,174,10,0,2869,300,0,0,11800,33,0
$JT,S,5517090,5517092,174,11,0,934,-450,144,1,11800,35,0
$JT,S,5517108,5517110,175,0,0,1825,0,-64,1,11700,34,0
$JT,S,5517110,5517112,175,1,0,1467,-100,-32,2,11900,32,0
$JT,S,5517130,5517132,176,2,0,3089,450,-112,0,11900,150,0
$JT,S,5517132,5517134,176,3,0,2082,0,-64,2,11900,35,0
$JT,S,5517150,5517152,177,4,0,2447,0,16,0,11900,32,0
$JT,S,5517152,5517154,177,5,0,1033,0,-200,22,12000,34,0
$JT,P,612,12,768
$JT,S,5517170,5517172,178,6,0,2098,-50,-60,1,11800,34,0
$JT,S,5517172,5517174,178,7,0,1416,0,-24,0,11800,31,0
$JT,S,5517188,5517190,179,8,0,3000,0,104,5,11800,37,0
$JT,S,5517190,5517192,179,9,0,1860,350,-212,8,11900,35,0
$JT,S,5517208,5517210,180,10,0,2834,-500,92,5,11800,33,0
$JT,S,5517210,5517212,180,11,0,905,-200,-104,3,11800,35,0
$JT,S,5517227,5517229,181,0,0,1858,500,-256,9,11600,34,0
$JT,S,5517229,5517231,181,1,0,1507,300,-16,1,11800,32,0
$JT,S,5517247,5517249,182,2,0,3096,-50,128,4,11900,35,0
$JT,S,5517249,5517251,182,3,0,2080,-50,-80,3,11900,35,0
$JT,S,5517268,5517270,183,4,0,2441,-50,-32,1,11900,32,0
$JT,S,5517270,5517272,183,5,0,1033,0,-200,21,11900,34,0
$JT,P,624,12,768
$JT,S,5517288,5517290,184,6,0,2101,100,-24,0,11800,34,0
$JT,S,5517290,5517292,184,7,0,1423,0,32,2,11800,31,0
$JT,S,5517308,5517310,185,8,0,3002,50,124,6,11800,37,0
$JT,S,5517310,5517312,185,9,0,1913,400,-264,21,11800,35,0
$JT,S,5517328,5517330,186,10,0,2817,-50,20,0,11800,33,0
$JT,S,5517330,5517332,186,11,0,920,100,-240,27,11800,35,0
$JT,S,5517350,5517352,187,0,0,1917,300,-88,1,11700,34,0
$JT,S,5517352,5517354,187,1,0,1517,200,-48,2,11800,32,0
$JT,S,5517370,5517372,188,2,0,3062,-250,128,3,11900,35,0
$JT,S,5517372,5517374,188,3,0,2080,0,-80,3,11900,35,0
$JT,S,5517388,5517390,189,4,0,2434,0,-88,14,11900,32,0
$JT,S,5517390,5517392,189,5,0,1033,0,-200,18,12000,34,0
$JT,P,636,12,768
$JT,S,5517408,5517410,190,6,0,2110,0,56,1,11800,34,0
$JT,S,5517410,5517412,190,7,0,1424,0,40,3,11800,31,0
$JT,S,5517428,5517430,191,8,0,3003,0,128,9,11800,37,0
$JT,S,5517430,5517432,191,9,0,1929,0,-184,15,11900,35,0
$JT,S,5517448,5517450,192,10,0,2785,-150,56,2,11800,33,0
$JT,S,5517450,5517452,192,11,0,965,550,-316,20,11700,35,0
$JT,S,5517467,5517469,193,0,0,1926,100,-20,1,11700,34,0
$JT,S,5517469,5517471,193,1,0,1551,50,-24,2,11800,32,0
$JT,S,5517487,5517489,194,2,0,3015,-400,172,7,12000,35,0
$JT,S,5517489,5517491,194,3,0,2082,0,-64,3,11900,35,0
$JT,S,5517507,5517509,195,4,0,2436,50,-72,7,11900,32,0
$JT,S,5517509,5517511,195,5,0,1035,100,-180,18,11900,34,0
$JT,P,648,12,768
$JT,S,5517527,5517529,196,6,0,2111,0,64,2,11800,34,0
$JT,S,5517529,5517531,196,7,0,1417,-150,-16,1,11900,31,0
$JT,S,5517547,5517549,197,8,0,2999,0,96,4,11800,37,0
$JT,S,5517549,5517551,197,9,0,1935,50,-128,7,11900,35,0
$JT,S,5517567,5517569,198,10,0,2779,0,8,0,11800,33,0
$JT,S,5517569,5517571,198,11,0,1005,150,-132,7,11800,35,0
$JT,S,5517587,5517589,199,0,0,1929,0,0,0,11700,34,0
$JT,S,5517589,5517591,199,1,0,1551,0,-24,2,11900,32,0
$JT,S,5517607,5517609,200,2,0,3003,0,120,11,11900,35,0
$JT,S,5517609,5517611,200,3,0,2083,0,-56,1,11900,35,0
$JT,S,5517627,5517629,201,4,0,2439,0,-48,4,11900,32,0
$JT,S,5517629,5517631,201,5,0,1038,0,-160,10,11900,34,0
$JT,P,660,12,768
$JT,S,5517647,5517649,202,6,0,2112,0,72,2,11800,34,0
$JT,S,5517649,5517651,202,7,0,1416,0,-24,0,11900,31,0
$JT,S,5517667,5517669,203,8,0,2998,0,88,3,11800,37,0
$JT,S,5517669,5517671,203,9,0,1937,0,-120,6,11900,35,0
$JT,S,5517687,5517689,204,10,0,2779,0,8,0,11800,33,0
$JT,S,5517689,5517691,204,11,0,1008,0,-120,6,11800,35,0
$JT,S,5517707,5517709,205,0,0,1926,0,-36,0,11800,33,0
$JT,S,5517709,5517711,205,1,0,1551,0,-24,2,11800,32,0
$JT,S,5517724,5517726,206,2,0,3003,0,120,11,11900,35,0
$JT,S,5517726,5517728,206,3,0,2083,0,-56,2,11900,35,0
$JT,S,5517744,5517746,207,4,0,2439,0,-48,4,11900,32,0
$JT,S,5517746,5517748,207,5,0,1037,0,-172,14,12000,34,0
$JT,P,672,12,768
$JT,S,5517764,5517766,208,6,0,2112,0,72,3,11800,34,0
$JT,S,5517766,5517768,208,7,0,1421,0,16,0,11900,31,0
$JT,S,5517784,5517786,209,8,0,2998,0,88,4,11800,37,0
$JT,S,5517786,5517788,209,9,0,1937,0,-120,6,11900,35,0
$JT,S,5517804,5517806,210,10,0,2775,0,-24,1,11800,33,0
$JT,S,5517806,5517808,210,11,0,1006,0,-136,8,11800,35,0
$JT,S,5517824,5517826,211,0,0,1926,0,-32,1,11800,34,0
$JT,S,5517826,5517828,211,1,0,1553,0,-8,1,11900,32,0
$JT,S,5517844,5517846,212,2,0,3002,0,112,12,11900,35,0
$JT,S,5517846,5517848,212,3,0,2083,0,-56,2,11900,35,0
$JT,S,5517864,5517866,213,4,0,2437,0,-64,5,11800,32,0
$JT,S,5517866,5517868,213,5,0,1037,0,-168,11,11900,34,0
$JT,P,684,12,768
$JT,S,5517884,5517886,214,6,0,2112,0,72,3,11800,34,0
$JT,S,5517886,5517888,214,7,0,1421,0,16,0,11900,31,0
$JT,S,5517904,5517906,215,8,0,2998,0,88,4,11800,38,0
$JT,S,5517906,5517908,215,9,0,1937,0,-120,6,11900,35,0
$JT,S,5517924,5517926,216,10,0,2776,50,-16,0,11800,33,0
$JT,S,5517926,5517928,216,11,0,1006,0,-136,7,11800,35,0
$JT,S,5517944,5517946,217,0,0,1928,50,0,0,11700,34,0
$JT,S,5517946,5517948,217,1,0,1553,0,-8,0,11800,32,0
$JT,S,5517964,5517966,218,2,0,3002,0,112,10,11900,35,0
$JT,S,5517966,5517968,218,3,0,2083,0,-56,2,11900,35,0
$JT,S,5517984,5517986,219,4,0,2437,0,-64,5,11900,32,0
$JT,S,5517986,5517988,219,5,0,1037,0,-168,11,11900,34,0
$JT,P,696,12,768
$JT,S,5518004,5518006,220,6,0,2112,0,72,3,11800,34,0
$JT,S,5518006,5518008,220,7,0,1417,0,-16,0,11900,31,0
$JT,S,5518024,5518026,221,8,0,2998,0,88,3,11800,37,0
$JT,S,5518026,5518028,221,9,0,1937,0,-120,6,11900,35,0
$JT,S,5518044,5518046,222,10,0,2777,0,-8,0,11800,33,0
$JT,S,5518046,5518048,222,11,0,1007,0,-128,6,11800,35,0
$JT,S,5518064,5518066,223,0,0,1928,0,0,0,11700,34,0
$JT,S,5518066,5518068,223,1,0,1552,0,-16,1,11900,32,0
$JT,S,5518084,5518086,224,2,0,3002,0,112,11,11900,35,0
$JT,S,5518086,5518088,224,3,0,2083,0,-56,2,11900,35,0
$JT,S,5518104,5518106,225,4,0,2437,0,-64,5,11900,32,0
$JT,S,5518106,5518108,225,5,0,1037,0,-168,11,12000,34,0
$JT,P,708,12,768
$JT,S,5518124,5518126,226,6,0,2112,0,72,3,11800,34,0
$JT,S,5518126,5518128,226,7,0,1419,0,0,0,11900,31,0
$JT,S,5518144,5518146,227,8,0,2998,0,88,3,11800,39,0
$JT,S,5518146,5518148,227,9,0,1937,0,-120,6,11900,35,0
$JT,S,5518164,5518166,228,10,0,2777,0,-8,0,11800,33,0
$JT,S,5518166,5518168,228,11,0,1006,0,-136,7,11800,35,0
$JT,S,5518184,5518186,229,0,0,1927,0,-24,0,11700,34,0
$JT,S,5518186,5518188,229,1,0,1552,0,-16,1,11800,32,0
$JT,S,5518204,5518206,230,2,0,3002,0,112,10,12000,35,0
$JT,S,5518206,5518208,230,3,0,2083,0,-56,2,11900,35,0
$JT,S,5518224,5518226,231,4,0,2437,0,-64,6,11900,32,0
$JT,S,5518226,5518228,231,5,0,1037,0,-168,11,12000,34,0
$JT,P,720,12,768
$JT,S,5518244,5518246,232,6,0,2112,0,72,3,11800,34,0
$JT,S,5518246,5518248,232,7,0,1420,0,8,0,11900,31,0
$JT,S,5518264,5518266,233,8,0,2998,0,88,4,11800,37,0
$JT,S,5518266,5518268,233,9,0,1937,0,-120,7,11900,35,0
$JT,S,5518284,5518286,234,10,0,2776,0,-16,0,11800,33,0
$JT,S,5518286,5518288,234,11,0,1006,0,-136,8,11800,35,0
$JT,S,5518304,5518306,235,0,0,1927,0,-24,0,11700,34,0
$JT,S,5518306,5518308,235,1,0,1553,0,-8,0,11800,32,0
$JT,S,5518324,5518326,236,2,0,3002,0,112,10,11900,35,0
$JT,S,5518326,5518328,236,3,0,2083,0,-56,1,11900,35,0
$JT,S,5518344,5518346,237,4,0,2437,0,-64,5,11900,32,0
$JT,S,5518346,5518348,237,5,0,1037,0,-168,11,11900,34,0
$JT,P,732,12,768
$JT,S,5518364,5518366,238,6,0,2112,0,72,2,11800,34,0
$JT,S,5518366,5518368,238,7,0,1417,-50,-16,0,11900,31,0
$JT,S,5518384,5518386,239,8,0,2998,0,88,4,11800,37,0
$JT,S,5518386,5518388,239,9,0,1937,0,-120,7,11900,35,0
$JT,S,5518404,5518406,240,10,0,2776,0,-16,0,11800,33,0
$JT,S,5518406,5518408,240,11,0,1006,0,-136,9,11800,35,0
$JT,S,5518424,5518426,241,0,0,1927,0,-24,0,11700,34,0
$JT,S,5518426,5518428,241,1,0,1552,0,-16,1,11800,32,0
$JT,S,5518444,5518446,242,2,0,3002,0,112,11,11900,35,0
$JT,S,5518446,5518448,242,3,0,2083,0,-56,1,11900,35,0
$JT,S,5518464,5518466,243,4,0,2437,0,-64,6,11900,32,0
$JT,S,5518466,5518468,243,5,0,1037,0,-168,11,12000,34,0
$JT,P,744,12,768
$JT,S,5518484,5518486,244,6,0,2112,0,72,3,11800,34,0
$JT,S,5518486,5518488,244,7,0,1419,0,0,0,11900,31,0
$JT,S,5518504,5518506,245,8,0,2998,0,88,3,11800,37,0
$JT,S,5518506,5518508,245,9,0,1937,0,-120,7,11900,35,0
$JT,S,5518524,5518526,246,10,0,2777,0,-8,0,11800,33,0
$JT,S,5518526,5518528,246,11,0,1006,0,-136,8,11800,35,0
$JT,S,5518544,5518546,247,0,0,1927,0,-24,0,11700,34,0
$JT,S,5518546,5518548,247,1,0,1552,0,-16,0,11800,33,0
$JT,S,5518564,5518566,248,2,0,3002,0,112,11,11900,35,0
$JT,S,5518566,5518568,248,3,0,2083,0,-56,2,11900,35,0
$JT,S,5518584,5518586,249,4,0,2437,0,-64,5,11900,32,0
$JT,S,5518586,5518588,249,5,0,1037,0,-168,16,12000,34,0
$JT,P,756,12,768
$JT,S,5518604,5518606,250,6,0,2112,0,72,2,11800,34,0
$JT,S,5518606,5518608,250,7,0,1420,0,8,0,11900,31,0
$JT,S,5518624,5518626,251,8,0,2998,0,88,3,11800,37,0
$JT,S,5518626,5518628,251,9,0,1937,0,-120,6,11900,35,0
$JT,S,5518644,5518646,252,10,0,2777,0,-8,0,11800,33,0
$JT,S,5518646,5518648,252,11,0,1006,0,-136,7,11700,35,0
$JT,S,5518664,5518666,253,0,0,1927,0,-24,0,11700,34,0
$JT,S,5518666,5518668,253,1,0,1552,0,-16,0,11800,32,0
$JT,S,5518684,5518686,254,2,0,3002,0,112,10,11900,35,0
$JT,S,5518686,5518688,254,3,0,2083,0,-56,2,11900,35,0
$JT,S,5518704,5518706,255,4,0,2437,0,-64,6,11900,32,0
$JT,S,5518706,5518708,255,5,0,1037,0,-168,16,12000,34,0
$JT,END
