$JT,M,1,256,256,0,1,17,3400,254
$JT,R,s-native-v6-2-1-v63
$JT,J,0,1,1929,-1
$JT,J,1,2,2077,-1
$JT,J,2,3,1965,1
$JT,J,3,4,2089,1
$JT,J,4,5,1922,1
$JT,J,5,6,2081,-1
$JT,J,6,7,2104,-1
$JT,J,7,8,1942,-1
$JT,J,8,9,1964,1
$JT,J,9,10,1951,1
$JT,J,10,11,2255,1
$JT,J,11,12,2046,-1
$JT,P,0,12,512
$JT,C,0,665300,665301,1929,1554,2989,2089,2445,1057,2104,1419,2988,1951,2778,1022
$JT,C,1,665324,665324,1929,1554,2989,2089,2457,1035,2104,1407,3010,1951,2778,1022
$JT,C,2,665342,665343,1929,1554,2989,2089,2466,1019,2104,1398,3026,1951,2778,1022
$JT,C,3,665364,665364,1929,1554,2989,2089,2474,1007,2104,1390,3038,1951,2778,1022
$JT,C,4,665381,665381,1929,1554,2989,2089,2476,1002,2104,1388,3043,1951,2778,1022
$JT,C,5,665401,665401,1929,1554,2989,2090,2478,999,2104,1386,3045,1951,2778,1022
$JT,C,6,665421,665421,1929,1554,2989,2090,2481,997,2104,1383,3047,1951,2778,1022
$JT,C,7,665441,665441,1929,1554,2989,2091,2484,994,2104,1381,3049,1951,2778,1022
$JT,C,8,665461,665461,1929,1555,2989,2092,2487,991,2104,1378,3052,1951,2777,1022
$JT,C,9,665481,665481,1929,1555,2989,2094,2491,989,2104,1374,3054,1951,2777,1022
$JT,C,10,665501,665501,1929,1555,2989,2095,2495,986,2104,1371,3055,1951,2777,1022
$JT,C,11,665521,665521,1929,1556,2989,2097,2500,984,2104,1366,3056,1951,2776,1022
$JT,P,12,12,512
$JT,C,12,665541,665541,1929,1556,2989,2099,2506,982,2104,1362,3057,1951,2776,1022
$JT,C,13,665561,665561,1929,1556,2989,2103,2509,980,2104,1358,3059,1951,2776,1022
$JT,C,14,665581,665581,1929,1557,2989,2105,2514,977,2104,1355,3060,1951,2775,1022
$JT,C,15,665601,665601,1929,1557,2989,2108,2518,975,2104,1351,3061,1951,2775,1022
$JT,C,16,665621,665621,1929,1557,2989,2112,2522,973,2104,1349,3061,1951,2775,1022
$JT,C,17,665641,665641,1929,1557,2989,2116,2526,971,2104,1346,3062,1951,2775,1022
$JT,C,18,665661,665661,1929,1557,2989,2121,2530,967,2104,1344,3062,1951,2775,1022
$JT,C,19,665681,665681,1929,1557,2989,2125,2532,965,2104,1342,3063,1951,2775,1022
$JT,C,20,665701,665701,1929,1556,2989,2130,2535,963,2104,1340,3063,1951,2776,1022
$JT,C,21,665721,665721,1929,1555,2989,2136,2538,960,2104,1339,3063,1951,2777,1022
$JT,C,22,665741,665741,1929,1555,2989,2141,2539,958,2104,1339,3064,1951,2777,1022
$JT,C,23,665761,665761,1929,1552,2989,2147,2540,955,2104,1339,3064,1951,2780,1022
$JT,P,24,12,512
$JT,C,24,665781,665781,1929,1551,2989,2153,2541,952,2104,1340,3065,1951,2781,1022
$JT,C,25,665801,665801,1929,1549,2989,2158,2541,950,2104,1341,3065,1951,2783,1022
$JT,C,26,665821,665821,1929,1547,2989,2165,2541,948,2104,1342,3067,1951,2785,1022
$JT,C,27,665841,665841,1929,1543,2989,2171,2540,945,2104,1344,3067,1951,2789,1022
$JT,C,28,665861,665861,1929,1540,2989,2178,2539,943,2104,1346,3067,1951,2792,1022
$JT,C,29,665881,665881,1929,1537,2989,2185,2538,941,2104,1348,3068,1951,2795,1022
$JT,C,30,665901,665901,1929,1532,2988,2190,2535,939,2104,1351,3068,1951,2800,1023
$JT,C,31,665921,665921,1929,1527,2988,2197,2533,938,2104,1354,3068,1951,2805,1023
$JT,C,32,665941,665941,1929,1523,2987,2204,2531,936,2104,1357,3068,1951,2809,1024
$JT,C,33,665962,665963,1929,1517,2987,2210,2528,935,2104,1361,3068,1951,2815,1024
$JT,C,34,665982,665983,1929,1510,2986,2216,2526,934,2104,1363,3068,1951,2822,1025
$JT,C,35,666002,666003,1929,1505,2984,2223,2523,933,2104,1366,3068,1951,2827,1027
$JT,P,36,12,512
$JT,C,36,666022,666023,1929,1498,2982,2229,2520,933,2104,1370,3068,1951,2834,1029
$JT,C,37,666042,666043,1929,1491,2980,2235,2517,933,2104,1373,3068,1951,2841,1031
$JT,C,38,666062,666063,1929,1484,2979,2240,2514,933,2104,1377,3067,1951,2848,1032
$JT,C,39,666082,666083,1929,1477,2975,2246,2511,933,2104,1379,3067,1951,2855,1036
$JT,C,40,666102,666103,1929,1471,2973,2252,2508,933,2104,1382,3065,1951,2861,1038
$JT,C,41,666122,666123,1929,1464,2970,2256,2505,933,2104,1386,3065,1951,2868,1041
$JT,C,42,666142,666143,1929,1457,2966,2261,2502,934,2104,1388,3064,1951,2875,1045
$JT,C,43,666161,666161,1929,1451,2963,2265,2499,935,2104,1391,3063,1951,2881,1048
$JT,C,44,666182,666183,1929,1446,2959,2270,2497,936,2104,1394,3063,1951,2886,1052
$JT,C,45,666202,666203,1929,1441,2957,2273,2494,938,2104,1396,3062,1951,2891,1054
$JT,C,46,666222,666223,1929,1436,2954,2277,2491,939,2104,1399,3061,1951,2896,1057
$JT,C,47,666242,666243,1929,1432,2950,2280,2489,940,2104,1402,3060,1951,2900,1061
$JT,P,48,12,512
$JT,C,48,666261,666261,1929,1428,2947,2282,2486,941,2104,1403,3059,1951,2904,1064
$JT,C,49,666281,666281,1929,1425,2945,2285,2484,943,2104,1405,3056,1951,2907,1066
$JT,C,50,666301,666301,1929,1423,2942,2287,2482,944,2104,1407,3055,1951,2909,1069
$JT,C,51,666321,666321,1929,1421,2940,2289,2481,947,2104,1410,3053,1951,2911,1071
$JT,C,52,666341,666341,1929,1418,2938,2290,2478,949,2104,1411,3052,1951,2914,1073
$JT,C,53,666361,666361,1929,1417,2937,2292,2476,951,2104,1413,3049,1951,2915,1074
$JT,C,54,666381,666381,1929,1416,2936,2293,2475,953,2104,1414,3047,1951,2916,1075
$JT,C,55,666401,666401,1929,1415,2934,2293,2473,956,2104,1416,3044,1951,2917,1077
$JT,C,56,666421,666421,1929,1415,2934,2294,2470,959,2104,1419,3040,1951,2917,1077
$JT,C,57,666441,666441,1929,1414,2934,2294,2468,964,2104,1421,3036,1951,2918,1077
$JT,C,58,666461,666461,1929,1414,2933,2294,2465,969,2104,1424,3030,1951,2918,1078
$JT,C,59,666481,666481,1929,1414,2933,2294,2459,981,2104,1429,3020,1951,2918,1078
$JT,P,60,12,512
$JT,C,60,666502,666503,1929,1392,2967,2294,2442,1014,2104,1447,2987,1951,2940,1044
$JT,C,61,666521,666521,1929,1385,2978,2294,2442,1014,2104,1447,2987,1951,2947,1033
$JT,C,62,666541,666541,1929,1382,2983,2294,2442,1014,2104,1447,2987,1951,2950,1028
$JT,C,63,666561,666561,1929,1380,2988,2294,2442,1014,2104,1447,2987,1951,2952,1023
$JT,C,64,666581,666581,1929,1378,2992,2293,2442,1014,2104,1446,2987,1951,2954,1019
$JT,C,65,666601,666601,1928,1377,2996,2293,2443,1014,2105,1446,2988,1951,2955,1015
$JT,C,66,666621,666621,1928,1376,2999,2293,2443,1014,2105,1445,2988,1950,2956,1012
$JT,C,67,666641,666641,1927,1376,3004,2292,2444,1013,2106,1445,2988,1950,2956,1008
$JT,C,68,666661,666661,1926,1376,3007,2290,2444,1013,2106,1444,2989,1949,2955,1004
$JT,C,69,666681,666681,1926,1377,3012,2289,2445,1013,2107,1443,2989,1949,2954,999
$JT,C,70,666701,666702,1923,1380,3016,2288,2447,1013,2109,1440,2990,1948,2952,995
$JT,C,71,666721,666721,1922,1381,3021,2287,2449,1013,2111,1439,2991,1946,2950,990
$JT,P,72,12,512
$JT,C,72,666742,666743,1921,1383,3027,2286,2450,1011,2112,1437,2993,1945,2948,986
$JT,C,73,666762,666763,1919,1386,3031,2284,2452,1011,2113,1435,2993,1943,2944,981
$JT,C,74,666781,666781,1916,1390,3037,2282,2453,1011,2115,1432,2994,1942,2941,976
$JT,C,75,666802,666803,1915,1393,3041,2280,2456,1011,2118,1430,2995,1940,2938,971
$JT,C,76,666822,666823,1913,1398,3047,2278,2458,1010,2120,1428,2997,1938,2933,966
$JT,C,77,666842,666843,1910,1402,3052,2276,2460,1010,2122,1424,2998,1936,2929,962
$JT,C,78,666862,666863,1907,1407,3056,2273,2462,1010,2124,1422,2999,1934,2924,956
$JT,C,79,666882,666883,1905,1413,3061,2271,2466,1010,2127,1419,3001,1931,2918,951
$JT,C,80,666902,666903,1902,1417,3065,2268,2468,1009,2130,1415,3002,1928,2914,948
$JT,C,81,666922,666923,1899,1423,3070,2265,2472,1009,2132,1411,3003,1925,2908,943
$JT,C,82,666942,666943,1896,1428,3073,2262,2475,1009,2136,1407,3004,1923,2902,939
$JT,C,83,666962,666963,1894,1433,3077,2260,2478,1009,2138,1404,3005,1919,2898,936
$JT,P,84,12,512
$JT,C,84,666982,666983,1890,1439,3080,2256,2482,1009,2140,1399,3006,1916,2892,932
$JT,C,85,667002,667003,1887,1444,3083,2254,2485,1009,2144,1395,3007,1912,2886,929
$JT,C,86,667022,667023,1885,1450,3086,2251,2490,1010,2146,1390,3008,1908,2882,926
$JT,C,87,667042,667043,1881,1455,3088,2248,2494,1010,2150,1384,3010,1904,2877,923
$JT,C,88,667062,667063,1879,1460,3090,2246,2499,1010,2152,1380,3010,1900,2873,921
$JT,C,89,667081,667081,1876,1465,3091,2243,2503,1011,2154,1374,3011,1895,2868,918
$JT,C,90,667101,667101,1873,1469,3093,2240,2509,1013,2156,1369,3011,1892,2864,916
$JT,C,91,667121,667121,1871,1474,3095,2238,2515,1014,2159,1363,3011,1887,2860,915
$JT,C,92,667142,667143,1869,1477,3095,2236,2519,1015,2161,1356,3011,1882,2856,913
$JT,C,93,667162,667163,1868,1482,3096,2235,2526,1016,2163,1350,3010,1877,2852,912
$JT,C,94,667182,667183,1865,1485,3096,2232,2532,1017,2164,1344,3008,1872,2849,910
$JT,C,95,667202,667203,1864,1489,3097,2231,2538,1019,2165,1338,3007,1868,2847,908
$JT,P,96,12,512
$JT,C,96,667222,667223,1863,1492,3097,2230,2544,1021,2167,1331,3006,1862,2843,908
$JT,C,97,667242,667243,1862,1496,3097,2229,2550,1023,2168,1324,3004,1858,2841,907
$JT,C,98,667262,667263,1861,1499,3097,2228,2557,1026,2169,1318,3002,1853,2838,906
$JT,C,99,667282,667283,1860,1502,3096,2228,2563,1029,2169,1312,2999,1849,2835,906
$JT,C,100,667302,667303,1860,1505,3096,2227,2569,1031,2169,1306,2997,1843,2833,906
$JT,C,101,667322,667323,1860,1508,3095,2227,2575,1034,2170,1300,2994,1838,2831,905
$JT,C,102,667342,667343,1860,1510,3094,2227,2581,1037,2170,1295,2991,1835,2828,905
$JT,C,103,667362,667363,1860,1513,3094,2227,2585,1040,2170,1290,2988,1830,2826,906
$JT,C,104,667381,667381,1860,1516,3093,2227,2591,1043,2169,1284,2985,1827,2824,906
$JT,C,105,667402,667403,1860,1518,3091,2227,2596,1046,2169,1281,2981,1822,2822,907
$JT,C,106,667421,667421,1860,1521,3089,2227,2599,1049,2169,1276,2979,1820,2819,907
$JT,C,107,667441,667441,1860,1523,3088,2227,2604,1051,2169,1273,2975,1817,2818,908
$JT,P,108,12,512
$JT,C,108,667461,667461,1860,1524,3087,2227,2606,1054,2169,1270,2973,1814,2816,909
$JT,C,109,667481,667481,1860,1526,3086,2227,2609,1056,2169,1267,2971,1813,2814,910
$JT,C,110,667501,667502,1860,1529,3083,2227,2611,1058,2169,1265,2969,1812,2813,913
$JT,C,111,667521,667521,1860,1530,3082,2226,2613,1059,2170,1263,2968,1811,2810,914
$JT,C,112,667541,667541,1858,1531,3080,2224,2615,1062,2171,1262,2966,1811,2809,916
$JT,C,113,667561,667562,1857,1533,3078,2224,2616,1063,2171,1260,2965,1811,2807,920
$JT,C,114,667581,667582,1856,1534,3075,2223,2616,1063,2172,1259,2965,1812,2805,922
$JT,C,115,667601,667602,1855,1537,3072,2221,2616,1064,2175,1258,2965,1813,2803,925
$JT,C,116,667621,667622,1854,1539,3068,2220,2617,1064,2176,1257,2965,1816,2800,930
$JT,C,117,667641,667642,1853,1542,3062,2219,2616,1065,2177,1257,2966,1817,2797,937
$JT,C,118,667663,667663,1852,1549,3048,2216,2616,1065,2179,1257,2966,1820,2790,951
$JT,C,119,667684,667685,1852,1564,3022,2219,2640,1029,2181,1232,3004,1824,2775,979
$JT,P,120,12,512
$JT,C,120,667701,667702,1850,1563,3022,2218,2646,1021,2184,1226,3012,1825,2775,979
$JT,C,121,667721,667722,1848,1563,3023,2216,2649,1016,2185,1223,3018,1826,2775,979
$JT,C,122,667741,667742,1847,1563,3023,2215,2650,1011,2187,1221,3022,1827,2775,979
$JT,C,123,667761,667762,1846,1562,3023,2214,2652,1008,2188,1220,3027,1828,2775,979
$JT,C,124,667781,667782,1845,1562,3023,2214,2652,1005,2189,1218,3030,1829,2775,979
$JT,C,125,667801,667802,1845,1560,3024,2213,2652,1002,2190,1217,3035,1830,2775,979
$JT,C,126,667821,667822,1844,1560,3024,2213,2652,999,2192,1218,3038,1832,2776,979
$JT,C,127,667841,667842,1844,1559,3024,2212,2651,996,2192,1218,3041,1832,2777,980
$JT,C,128,667861,667862,1843,1558,3024,2212,2649,991,2193,1221,3046,1833,2777,980
$JT,C,129,667881,667882,1841,1557,3025,2211,2647,988,2194,1222,3049,1833,2778,980
$JT,C,130,667901,667902,1841,1556,3025,2211,2644,984,2194,1225,3054,1834,2781,980
$JT,C,131,667923,667923,1840,1554,3025,2210,2641,980,2195,1227,3059,1835,2782,980
$JT,P,132,12,512
$JT,C,132,667943,667943,1840,1552,3025,2210,2637,976,2196,1231,3062,1835,2783,980
$JT,C,133,667962,667963,1839,1550,3027,2208,2632,973,2197,1235,3067,1836,2785,980
$JT,C,134,667982,667983,1838,1548,3027,2207,2627,968,2198,1240,3071,1837,2786,980
$JT,C,135,668002,668003,1838,1546,3027,2207,2622,965,2198,1246,3076,1837,2789,980
$JT,C,136,668022,668023,1837,1543,3027,2206,2617,961,2200,1250,3079,1838,2791,980
$JT,C,137,668042,668043,1836,1541,3028,2205,2610,958,2201,1256,3082,1839,2793,980
$JT,C,138,668062,668063,1835,1538,3028,2204,2605,955,2202,1262,3087,1841,2797,980
$JT,C,139,668082,668083,1833,1535,3028,2204,2598,952,2203,1268,3089,1842,2799,980
$JT,C,140,668103,668103,1833,1532,3028,2203,2591,949,2204,1274,3093,1842,2801,980
$JT,C,141,668122,668123,1832,1529,3028,2202,2585,947,2205,1281,3095,1843,2805,981
$JT,C,142,668142,668143,1831,1525,3029,2201,2578,945,2206,1287,3098,1844,2808,981
$JT,C,143,668162,668163,1830,1521,3029,2199,2572,943,2208,1293,3100,1845,2811,981
$JT,P,144,12,512
$JT,C,144,668182,668183,1829,1517,3029,2198,2566,942,2209,1299,3102,1846,2816,981
$JT,C,145,668202,668203,1828,1513,3029,2197,2559,941,2210,1305,3103,1847,2819,982
$JT,C,146,668222,668223,1827,1508,3029,2196,2553,940,2211,1311,3105,1849,2824,983
$JT,C,147,668241,668241,1825,1504,3028,2195,2548,940,2213,1316,3106,1851,2828,983
$JT,C,148,668261,668261,1824,1498,3028,2194,2542,940,2214,1321,3107,1852,2833,984
$JT,C,149,668281,668281,1822,1492,3028,2191,2536,939,2217,1326,3107,1853,2839,986
$JT,C,150,668301,668301,1821,1486,3027,2190,2532,939,2218,1331,3109,1855,2843,987
$JT,C,151,668322,668323,1819,1481,3027,2188,2527,940,2220,1336,3109,1857,2849,988
$JT,C,152,668342,668343,1817,1475,3025,2186,2523,940,2222,1339,3110,1859,2855,990
$JT,C,153,668362,668363,1815,1468,3024,2185,2518,941,2223,1344,3110,1861,2860,992
$JT,C,154,668382,668383,1814,1461,3023,2182,2514,941,2226,1347,3110,1863,2866,995
$JT,C,155,668402,668403,1812,1456,3021,2180,2510,942,2228,1350,3110,1865,2873,997
$JT,P,156,12,512
$JT,C,156,668422,668423,1810,1449,3020,2178,2506,943,2230,1354,3110,1867,2879,1000
$JT,C,157,668442,668443,1808,1442,3017,2177,2502,944,2231,1357,3110,1869,2884,1003
$JT,C,158,668462,668463,1806,1436,3015,2174,2499,945,2234,1359,3109,1870,2890,1006
$JT,C,159,668482,668483,1804,1430,3012,2172,2495,947,2236,1363,3109,1872,2896,1009
$JT,C,160,668502,668503,1803,1424,3009,2170,2492,948,2237,1365,3107,1875,2900,1013
$JT,C,161,668522,668523,1800,1418,3007,2169,2490,949,2239,1367,3107,1876,2906,1016
$JT,C,162,668566,668566,1799,1413,3004,2166,2486,951,2242,1371,3106,1878,2910,1021
$JT,C,163,668586,668587,1796,1402,2998,2163,2481,955,2244,1375,3104,1882,2919,1028
$JT,C,164,668606,668607,1795,1399,2996,2162,2478,956,2245,1378,3103,1883,2923,1031
$JT,C,165,668625,668625,1794,1394,2994,2161,2476,958,2246,1380,3102,1884,2926,1035
$JT,C,166,668645,668645,1794,1392,2991,2160,2474,959,2247,1382,3101,1884,2929,1037
$JT,C,167,668665,668665,1792,1389,2989,2160,2472,961,2247,1383,3098,1885,2931,1039
$JT,P,168,12,512
$JT,C,168,668685,668685,1792,1388,2987,2160,2470,963,2247,1386,3097,1885,2933,1041
$JT,C,169,668705,668705,1792,1385,2986,2160,2468,965,2246,1387,3095,1885,2935,1042
$JT,C,170,668725,668725,1794,1384,2984,2160,2467,967,2246,1389,3093,1884,2937,1044
$JT,C,171,668745,668746,1795,1383,2983,2161,2465,969,2245,1391,3089,1883,2938,1045
$JT,C,172,668765,668766,1796,1383,2982,2162,2464,973,2243,1392,3087,1882,2939,1045
$JT,C,173,668785,668786,1797,1382,2982,2163,2461,976,2242,1395,3082,1880,2939,1045
$JT,C,174,668805,668806,1798,1382,2981,2164,2459,981,2239,1398,3077,1879,2940,1045
$JT,C,175,668825,668825,1799,1382,2981,2165,2454,989,2237,1403,3069,1878,2940,1044
$JT,C,176,668848,668848,1799,1365,3007,2165,2435,1025,2233,1422,3032,1875,2958,1016
$JT,C,177,668867,668867,1799,1356,3021,2166,2435,1024,2231,1422,3031,1872,2967,1003
$JT,C,178,668885,668886,1800,1352,3028,2168,2436,1024,2230,1422,3031,1871,2972,995
$JT,C,179,668905,668906,1802,1349,3032,2170,2436,1023,2229,1422,3031,1869,2975,990
$JT,P,180,12,512
$JT,C,180,668925,668926,1803,1348,3036,2171,2436,1023,2228,1422,3031,1868,2977,986
$JT,C,181,668945,668946,1803,1347,3039,2172,2437,1023,2227,1422,3031,1867,2979,982
$JT,C,182,668965,668966,1804,1347,3042,2172,2437,1023,2226,1422,3031,1866,2979,978
$JT,C,183,668985,668986,1805,1347,3046,2173,2439,1022,2225,1421,3031,1865,2980,974
$JT,C,184,669005,669006,1805,1348,3049,2174,2440,1022,2225,1421,3031,1863,2979,971
$JT,C,185,669025,669026,1806,1349,3053,2174,2440,1022,2223,1420,3031,1863,2977,966
$JT,C,186,669045,669046,1806,1351,3056,2175,2441,1022,2222,1419,3031,1862,2976,963
$JT,C,187,669062,669062,1806,1350,3056,2175,2441,1022,2222,1419,3031,1862,2976,963
$JT,C,188,669081,669081,1806,1350,3057,2175,2441,1022,2222,1419,3031,1862,2976,962
$JT,C,189,669101,669101,1806,1349,3060,2175,2441,1022,2222,1419,3031,1862,2977,959
$JT,C,190,669121,669121,1806,1347,3062,2175,2441,1022,2222,1419,3031,1862,2980,957
$JT,C,191,669141,669141,1806,1345,3064,2175,2441,1022,2222,1419,3031,1862,2981,955
$JT,P,192,12,512
$JT,C,192,669161,669161,1806,1344,3066,2175,2441,1022,2222,1419,3031,1862,2983,953
$JT,C,193,669181,669181,1806,1343,3068,2175,2441,1022,2222,1419,3031,1862,2983,951
$JT,C,194,669201,669201,1806,1343,3068,2175,2441,1022,2222,1419,3031,1862,2983,951
$JT,C,195,669221,669221,1808,1345,3069,2175,2441,1022,2222,1419,3031,1863,2981,950
$JT,C,196,669242,669243,1819,1357,3073,2175,2441,1022,2222,1419,3031,1871,2970,946
$JT,C,197,669262,669263,1840,1382,3081,2175,2441,1022,2222,1419,3031,1887,2946,938
$JT,C,198,669282,669283,1868,1417,3085,2175,2441,1022,2222,1419,3031,1907,2911,933
$JT,C,199,669302,669303,1895,1456,3082,2175,2441,1022,2222,1419,3031,1927,2873,933
$JT,C,200,669322,669323,1916,1489,3075,2175,2441,1022,2222,1419,3031,1942,2842,937
$JT,C,201,669342,669343,1927,1506,3071,2175,2441,1022,2222,1419,3031,1950,2826,940
$JT,C,202,669361,669361,1929,1509,3070,2175,2441,1022,2222,1419,3031,1951,2823,941
$JT,C,203,669379,669380,1929,1509,3070,2175,2441,1022,2222,1419,3031,1951,2823,941
$JT,P,204,12,512
$JT,C,204,669399,669400,1929,1509,3070,2175,2441,1022,2222,1419,3031,1951,2823,941
$JT,C,205,669421,669421,1929,1509,3069,2175,2441,1022,2222,1419,3031,1951,2823,942
$JT,C,206,669441,669441,1929,1512,3065,2175,2441,1022,2222,1419,3031,1951,2820,946
$JT,C,207,669461,669461,1929,1516,3057,2175,2441,1022,2222,1419,3031,1951,2816,954
$JT,C,208,669481,669481,1929,1523,3045,2175,2441,1022,2222,1419,3031,1951,2809,966
$JT,C,209,669502,669503,1929,1531,3030,2175,2441,1022,2222,1419,3031,1951,2801,981
$JT,C,210,669522,669523,1929,1539,3015,2175,2441,1022,2222,1419,3031,1951,2793,996
$JT,C,211,669541,669541,1929,1546,3003,2175,2441,1022,2222,1419,3031,1951,2786,1008
$JT,C,212,669561,669561,1929,1551,2994,2175,2441,1022,2222,1419,3031,1951,2781,1017
$JT,C,213,669581,669581,1929,1554,2990,2175,2441,1022,2222,1419,3031,1951,2778,1021
$JT,C,214,669601,669601,1929,1554,2989,2175,2441,1022,2222,1419,3031,1951,2778,1022
$JT,C,215,669619,669620,1929,1554,2989,2175,2441,1022,2222,1419,3031,1951,2778,1022
$JT,P,216,12,512
$JT,C,216,669639,669640,1929,1554,2989,2175,2441,1022,2222,1419,3031,1951,2778,1022
$JT,C,217,669659,669660,1929,1554,2989,2175,2441,1022,2222,1419,3031,1951,2778,1022
$JT,C,218,669679,669680,1929,1554,2989,2175,2441,1022,2222,1419,3031,1951,2778,1022
$JT,C,219,669699,669700,1929,1554,2989,2175,2441,1022,2222,1419,3031,1951,2778,1022
$JT,C,220,669719,669720,1929,1554,2989,2175,2441,1022,2222,1419,3031,1951,2778,1022
$JT,C,221,669739,669740,1929,1554,2989,2175,2441,1022,2222,1419,3031,1951,2778,1022
$JT,C,222,669759,669760,1929,1554,2989,2175,2441,1022,2222,1419,3031,1951,2778,1022
$JT,C,223,669779,669780,1929,1554,2989,2175,2441,1022,2222,1419,3031,1951,2778,1022
$JT,C,224,669799,669800,1929,1554,2989,2175,2441,1022,2222,1419,3031,1951,2778,1022
$JT,C,225,669819,669820,1929,1554,2989,2175,2441,1022,2222,1419,3031,1951,2778,1022
$JT,C,226,669839,669840,1929,1554,2989,2175,2441,1022,2222,1419,3031,1951,2778,1022
$JT,C,227,669861,669861,1929,1554,2989,2175,2442,1021,2222,1417,3032,1951,2778,1022
$JT,P,228,12,512
$JT,C,228,669881,669881,1929,1554,2989,2175,2445,1013,2222,1414,3039,1951,2778,1022
$JT,C,229,669902,669903,1929,1554,2989,2175,2453,999,2222,1407,3053,1951,2778,1022
$JT,C,230,669922,669923,1929,1554,2989,2175,2462,982,2222,1397,3071,1951,2778,1022
$JT,C,231,669942,669943,1929,1554,2989,2175,2473,964,2222,1388,3088,1951,2778,1022
$JT,C,232,669962,669963,1929,1554,2989,2175,2480,950,2222,1381,3102,1951,2778,1022
$JT,C,233,669981,669981,1929,1554,2989,2175,2483,944,2222,1377,3109,1951,2778,1022
$JT,C,234,670001,670001,1929,1554,2989,2175,2484,942,2222,1377,3110,1951,2778,1022
$JT,C,235,670021,670021,1929,1554,2989,2174,2484,943,2221,1377,3110,1951,2778,1022
$JT,C,236,670041,670041,1929,1554,2989,2166,2485,944,2211,1375,3107,1951,2778,1022
$JT,C,237,670061,670061,1929,1554,2989,2152,2486,949,2190,1373,3103,1951,2778,1022
$JT,C,238,670082,670083,1929,1554,2989,2132,2489,956,2163,1372,3095,1951,2778,1022
$JT,C,239,670102,670103,1929,1554,2989,2113,2490,965,2137,1372,3085,1951,2778,1022
$JT,P,240,12,512
$JT,C,240,670122,670122,1929,1554,2989,2098,2490,972,2117,1373,3076,1951,2778,1022
$JT,C,241,670141,670141,1929,1554,2989,2090,2490,975,2106,1374,3070,1951,2778,1022
$JT,C,242,670161,670161,1929,1554,2989,2089,2490,976,2104,1374,3069,1951,2778,1022
$JT,C,243,670179,670180,1929,1554,2989,2089,2490,976,2104,1374,3069,1951,2778,1022
$JT,C,244,670199,670200,1929,1554,2989,2089,2490,976,2104,1374,3069,1951,2778,1022
$JT,C,245,670221,670221,1929,1554,2989,2089,2490,977,2104,1374,3068,1951,2778,1022
$JT,C,246,670241,670241,1929,1554,2989,2089,2487,981,2104,1377,3064,1951,2778,1022
$JT,C,247,670261,670261,1929,1554,2989,2089,2483,989,2104,1381,3056,1951,2778,1022
$JT,C,248,670281,670281,1929,1554,2989,2089,2476,1001,2104,1388,3044,1951,2778,1022
$JT,C,249,670302,670303,1929,1554,2989,2089,2468,1016,2104,1396,3029,1951,2778,1022
$JT,C,250,670322,670323,1929,1554,2989,2089,2460,1031,2104,1404,3014,1951,2778,1022
$JT,C,251,670341,670341,1929,1554,2989,2089,2453,1043,2104,1411,3002,1951,2778,1022
$JT,P,252,12,512
$JT,C,252,670361,670361,1929,1554,2989,2089,2448,1052,2104,1416,2993,1951,2778,1022
$JT,C,253,670381,670381,1929,1554,2989,2089,2445,1056,2104,1419,2989,1951,2778,1022
$JT,C,254,670401,670401,1929,1554,2989,2089,2445,1057,2104,1419,2988,1951,2778,1022
$JT,C,255,670419,670420,1929,1554,2989,2089,2445,1057,2104,1419,2988,1951,2778,1022
$JT,S,665301,665303,0,0,0,1927,0,-24,0,11200,31,0
$JT,S,665324,665326,1,1,0,1556,0,16,1,11300,30,0
$JT,S,665343,665345,2,2,0,2991,0,24,0,11400,32,0
$JT,S,665364,665366,3,3,0,2088,0,0,0,11400,32,0
$JT,S,665381,665383,4,4,0,2446,50,-48,2,11300,29,0
$JT,S,665401,665403,5,5,0,1053,0,100,3,11400,32,0
$JT,S,665421,665423,6,6,0,2110,0,56,2,11300,30,0
$JT,S,665441,665443,7,7,0,1402,-300,60,5,11300,28,0
$JT,P,264,12,512
$JT,S,665461,665463,8,8,0,3005,250,-112,2,11300,34,0
$JT,S,665481,665483,9,9,0,1952,0,0,0,11300,31,0
$JT,S,665501,665503,10,10,0,2776,0,-8,0,11300,30,0
$JT,S,665521,665523,11,11,0,1019,0,-32,1,11300,32,0
$JT,S,665541,665543,12,0,0,1927,0,-24,0,11200,31,0
$JT,S,665561,665563,13,1,0,1556,0,0,0,11300,30,0
$JT,S,665581,665583,14,2,0,2991,0,24,0,11400,32,0
$JT,S,665601,665603,15,3,0,2097,100,-64,1,11400,32,0
$JT,S,665621,665623,16,4,0,2504,250,-56,3,11300,29,0
$JT,S,665641,665643,17,5,0,989,-250,100,1,11400,31,0
$JT,S,665661,665663,18,6,0,2110,0,56,1,11300,30,0
$JT,S,665681,665683,19,7,0,1351,-200,40,1,11300,28,0
$JT,P,276,12,512
$JT,S,665701,665707,20,8,0,3058,50,-44,1,11400,34,0
$JT,S,665721,665723,21,9,0,1952,0,0,0,11300,32,0
$JT,S,665741,665743,22,10,0,2774,0,-24,0,11300,30,0
$JT,S,665761,665763,23,11,0,1019,0,-32,1,11300,32,0
$JT,S,665781,665783,24,0,0,1927,0,-24,0,11200,31,0
$JT,S,665801,665803,25,1,0,1555,-50,32,0,11300,30,0
$JT,S,665821,665823,26,2,0,2991,0,24,1,11400,32,0
$JT,S,665841,665843,27,3,0,2143,250,-92,1,11400,32,0
$JT,S,665861,665863,28,4,0,2539,0,-8,0,11300,29,0
$JT,S,665881,665883,29,5,0,952,-150,72,1,11400,31,0
$JT,S,665901,665903,30,6,0,2110,0,56,1,11300,30,0
$JT,S,665921,665923,31,7,0,1348,100,-4,0,11300,28,0
$JT,P,288,12,512
$JT,S,665941,665943,32,8,0,3064,0,-40,1,11300,34,0
$JT,S,665963,665965,33,9,0,1952,0,0,0,11300,31,0
$JT,S,665983,665985,34,10,0,2801,200,-60,3,11300,30,0
$JT,S,666003,666005,35,11,0,1022,50,-24,0,11300,32,0
$JT,S,666023,666025,36,0,0,1927,0,-24,0,11200,31,0
$JT,S,666043,666045,37,1,0,1516,-250,60,5,11300,30,0
$JT,S,666063,666065,38,2,0,2986,-150,56,2,11400,32,0
$JT,S,666083,666085,39,3,0,2213,300,-104,1,11400,32,0
$JT,S,666103,666105,40,4,0,2515,-150,16,0,11300,29,0
$JT,S,666123,666125,41,5,0,936,0,32,0,11400,31,0
$JT,S,666143,666145,42,6,0,2110,0,56,2,11300,30,0
$JT,S,666161,666163,43,7,0,1382,200,-24,1,11300,28,0
$JT,P,300,12,512
$JT,S,666183,666185,44,8,0,3064,0,0,0,11300,34,0
$JT,S,666203,666205,45,9,0,1952,0,0,0,11300,31,0
$JT,S,666223,666225,46,10,0,2867,300,-72,4,11300,30,0
$JT,S,666243,666245,47,11,0,1046,100,-72,1,11300,32,0
$JT,S,666262,666264,48,0,0,1927,0,-24,0,11200,31,0
$JT,S,666281,666284,49,1,0,1447,-300,72,5,11300,30,0
$JT,S,666301,666303,50,2,0,2954,-150,60,1,11400,32,0
$JT,S,666321,666323,51,3,0,2275,200,-72,1,11400,32,0
$JT,S,666341,666343,52,4,0,2482,-150,8,0,11300,29,0
$JT,S,666361,666363,53,5,0,940,50,-64,1,11400,31,0
$JT,S,666381,666383,54,6,0,2110,0,56,1,11300,30,0
$JT,S,666401,666403,55,7,0,1413,100,0,0,11300,28,0
$JT,P,312,12,512
$JT,S,666421,666423,56,8,0,3051,-100,48,0,11300,34,0
$JT,S,666441,666443,57,9,0,1952,0,0,0,11300,31,0
$JT,S,666461,666463,58,10,0,2915,50,-24,1,11300,30,0
$JT,S,666481,666483,59,11,0,1075,100,-28,0,11300,32,0
$JT,S,666503,666505,60,0,0,1927,0,-24,0,11200,31,0
$JT,S,666521,666523,61,1,0,1416,0,32,2,11300,30,0
$JT,S,666541,666543,62,2,0,2936,0,-20,1,11400,32,0
$JT,S,666562,666564,63,3,0,2291,0,-32,0,11400,32,0
$JT,S,666581,666583,64,4,0,2449,-250,32,0,11300,29,0
$JT,S,666601,666603,65,5,0,982,200,-136,2,11400,31,0
$JT,S,666621,666624,66,6,0,2110,0,48,1,11200,30,0
$JT,S,666642,666644,67,7,0,1447,100,16,0,11300,28,0
$JT,P,324,12,512
$JT,S,666662,666664,68,8,0,2997,-250,68,1,11300,34,0
$JT,S,666682,666684,69,9,0,1952,0,36,1,11300,31,0
$JT,S,666702,666704,70,10,0,2952,200,-20,1,11300,30,0
$JT,S,666722,666724,71,11,0,1037,-350,116,2,11300,32,0
$JT,S,666743,666745,72,0,0,1927,0,56,1,11200,31,0
$JT,S,666763,666765,73,1,0,1381,100,-12,0,11300,30,0
$JT,S,666781,666783,74,2,0,2992,350,-116,2,11400,48,0
$JT,S,666803,666805,75,3,0,2289,-50,68,1,11400,32,0
$JT,S,666823,666825,76,4,0,2450,50,-32,1,11300,29,0
$JT,S,666843,666845,77,5,0,1011,0,0,0,11400,31,0
$JT,S,666863,666865,78,6,0,2115,100,-48,0,11300,30,0
$JT,S,666883,666885,79,7,0,1428,-100,40,2,11300,28,0
$JT,P,336,12,512
$JT,S,666903,666905,80,8,0,2995,100,-48,0,11400,34,0
$JT,S,666923,666925,81,9,0,1934,-100,44,0,11300,31,0
$JT,S,666943,666945,82,10,0,2920,-250,32,1,11300,30,0
$JT,S,666963,666965,83,11,0,965,-300,120,2,11300,33,0
$JT,S,666983,666985,84,0,0,1901,-100,56,0,11200,31,0
$JT,S,667003,667005,85,1,0,1425,250,-28,2,11300,30,0
$JT,S,667023,667025,86,2,0,3063,250,-96,5,11400,32,0
$JT,S,667043,667045,87,3,0,2261,-150,72,2,11400,32,0
$JT,S,667063,667065,88,4,0,2483,200,-48,2,11300,29,0
$JT,S,667081,667083,89,5,0,1011,0,0,0,11400,31,0
$JT,S,667101,667103,90,6,0,2146,150,-52,1,11300,30,0
$JT,S,667121,667123,91,7,0,1384,-250,56,3,11300,28,0
$JT,P,348,12,512
$JT,S,667143,667145,92,8,0,3008,0,-28,1,11300,34,0
$JT,S,667163,667165,93,9,0,1896,-200,72,1,11300,32,0
$JT,S,667183,667185,94,10,0,2861,-200,32,1,11300,30,0
$JT,S,667203,667205,95,11,0,917,-100,64,0,11300,33,0
$JT,S,667223,667225,96,0,0,1868,-100,40,0,11200,31,0
$JT,S,667243,667245,97,1,0,1483,200,-32,2,11300,30,0
$JT,S,667263,667265,98,2,0,3092,0,-48,1,11400,32,0
$JT,S,667283,667285,99,3,0,2233,-50,44,1,11400,32,0
$JT,S,667303,667305,100,4,0,2541,250,-76,3,11300,29,0
$JT,S,667323,667325,101,5,0,1023,100,-60,1,11400,38,0
$JT,S,667343,667345,102,6,0,2168,0,-24,0,11300,30,0
$JT,S,667363,667365,103,7,0,1316,-300,60,4,11300,28,0
$JT,P,360,12,512
$JT,S,667381,667384,104,8,0,2996,-150,60,1,11300,34,0
$JT,S,667403,667405,105,9,0,1841,-250,80,1,11300,31,0
$JT,S,667421,667423,106,10,0,2824,-100,4,0,11300,30,0
$JT,S,667441,667443,107,11,0,909,0,20,0,11300,32,0
$JT,S,667461,667463,108,0,0,1861,0,0,0,11200,31,0
$JT,S,667482,667484,109,1,0,1521,100,-16,0,11300,30,0
$JT,S,667502,667504,110,2,0,3090,-100,48,0,11400,32,0
$JT,S,667522,667524,111,3,0,2232,0,56,1,11400,32,0
$JT,S,667542,667544,112,4,0,2604,200,-48,2,11300,29,0
$JT,S,667562,667564,113,5,0,1055,100,-48,0,11400,31,0
$JT,S,667582,667584,114,6,0,2169,0,-28,1,11300,30,0
$JT,S,667602,667604,115,7,0,1263,-100,32,1,11300,28,0
$JT,P,372,12,512
$JT,S,667622,667624,116,8,0,2967,-100,24,0,11300,34,0
$JT,S,667642,667644,117,9,0,1813,0,0,0,11300,32,0
$JT,S,667663,667665,118,10,0,2800,-100,20,0,11300,30,0
$JT,S,667685,667687,119,11,0,925,150,-92,1,11300,32,0
$JT,S,667702,667704,120,0,0,1854,-50,32,0,11200,31,0
$JT,S,667722,667724,121,1,0,1547,150,-44,1,11300,30,0
$JT,S,667742,667744,122,2,0,3058,-250,116,6,11400,32,0
$JT,S,667762,667764,123,3,0,2220,-50,48,1,11400,32,0
$JT,S,667782,667784,124,4,0,2625,150,-72,4,11300,29,0
$JT,S,667802,667804,125,5,0,1053,-300,116,2,11400,31,0
$JT,S,667822,667824,126,6,0,2187,50,-32,0,11200,30,0
$JT,S,667842,667844,127,7,0,1230,-300,64,3,11300,28,0
$JT,P,384,12,512
$JT,S,667862,667864,128,8,0,2996,300,-100,2,11300,34,0
$JT,S,667882,667884,129,9,0,1827,100,-48,1,11300,32,0
$JT,S,667902,667904,130,10,0,2775,50,-24,1,11300,30,0
$JT,S,667923,667925,131,11,0,978,50,-20,0,11300,32,0
$JT,S,667943,667945,132,0,0,1843,-50,32,1,11200,30,0
$JT,S,667963,667965,133,1,0,1556,-50,32,2,11300,30,0
$JT,S,667983,667985,134,2,0,3026,0,0,0,11400,32,0
$JT,S,668003,668005,135,3,0,2214,0,68,2,11400,32,0
$JT,S,668023,668025,136,4,0,2632,-150,32,0,11300,29,0
$JT,S,668043,668045,137,5,0,983,-300,116,2,11400,31,0
$JT,S,668063,668065,138,6,0,2198,100,-24,0,11300,30,0
$JT,S,668083,668085,139,7,0,1248,200,-44,1,11300,28,0
$JT,P,396,12,512
$JT,S,668103,668105,140,8,0,3066,350,-120,2,11300,34,0
$JT,S,668123,668125,141,9,0,1836,50,-52,1,11300,32,0
$JT,S,668143,668145,142,10,0,2797,100,-40,2,11300,30,0
$JT,S,668163,668165,143,11,0,979,0,-28,1,11300,32,0
$JT,S,668183,668185,144,0,0,1832,-50,32,0,11200,31,0
$JT,S,668203,668205,145,1,0,1526,-150,36,3,11300,30,0
$JT,S,668223,668225,146,2,0,3027,50,-20,1,11400,32,0
$JT,S,668241,668243,147,3,0,2202,-100,64,2,11400,32,0
$JT,S,668261,668263,148,4,0,2567,-300,36,1,11300,29,0
$JT,S,668281,668283,149,5,0,943,-50,36,0,11400,31,0
$JT,S,668302,668304,150,6,0,2211,50,-48,1,11300,30,0
$JT,S,668323,668325,151,7,0,1315,300,-40,1,11300,28,0
$JT,P,408,12,512
$JT,S,668343,668345,152,8,0,3105,50,-40,1,11300,34,0
$JT,S,668363,668365,153,9,0,1850,100,-76,2,11300,32,0
$JT,S,668383,668385,154,10,0,2843,250,-68,3,11300,30,0
$JT,S,668403,668405,155,11,0,988,100,-48,1,11300,32,0
$JT,S,668423,668425,156,0,0,1816,-100,40,0,11200,31,0
$JT,S,668443,668445,157,1,0,1470,-300,76,3,11300,30,0
$JT,S,668463,668465,158,2,0,3023,-100,44,1,11400,32,0
$JT,S,668483,668485,159,3,0,2183,-100,76,1,11400,32,0
$JT,S,668503,668505,160,4,0,2503,-250,24,0,11300,29,0
$JT,S,668523,668554,161,5,0,943,0,-60,2,11400,31,0
$JT,S,668566,668568,162,6,0,2235,100,-40,0,11300,30,0
$JT,S,668587,668589,163,7,0,1367,150,-8,0,11300,28,0
$JT,P,420,12,512
$JT,S,668607,668609,164,8,0,3107,0,40,1,11300,34,0
$JT,S,668626,668628,165,9,0,1873,50,-80,2,11300,31,0
$JT,S,668646,668648,166,10,0,2910,200,-64,4,11300,30,0
$JT,S,668666,668668,167,11,0,1024,150,-72,1,11300,32,0
$JT,S,668685,668688,168,0,0,1795,-100,36,0,11200,31,0
$JT,S,668705,668708,169,1,0,1397,-250,44,4,11300,30,0
$JT,S,668726,668728,170,2,0,2991,-150,44,1,11400,32,0
$JT,S,668746,668748,171,3,0,2164,0,40,0,11400,32,0
$JT,S,668766,668768,172,4,0,2466,-100,8,0,11300,29,0
$JT,S,668786,668788,173,5,0,965,150,-48,1,11400,31,0
$JT,S,668806,668808,174,6,0,2245,0,36,0,11300,30,0
$JT,S,668826,668828,175,7,0,1394,50,-16,0,11300,28,0
$JT,P,432,12,512
$JT,S,668849,668851,176,8,0,3085,-150,84,1,11300,34,0
$JT,S,668867,668869,177,9,0,1880,0,44,1,11300,31,0
$JT,S,668886,668888,178,10,0,2938,50,-52,2,11300,30,0
$JT,S,668906,668908,179,11,0,1042,-50,68,2,11300,32,0
$JT,S,668926,668928,180,0,0,1794,0,-72,2,11200,31,0
$JT,S,668946,668948,181,1,0,1371,-250,60,4,11300,30,0
$JT,S,668966,668968,182,2,0,2993,200,-112,2,11400,32,0
$JT,S,668986,668988,183,3,0,2169,100,-28,0,11400,32,0
$JT,S,669006,669008,184,4,0,2435,-50,-24,1,11300,29,0
$JT,S,669026,669028,185,5,0,1016,250,-48,0,11400,31,0
$JT,S,669046,669048,186,6,0,2231,0,80,3,11300,30,0
$JT,S,669063,669065,187,7,0,1422,0,24,1,11300,28,0
$JT,P,444,12,512
$JT,S,669081,669083,188,8,0,3035,-50,36,1,11300,34,0
$JT,S,669101,669103,189,9,0,1864,-100,20,0,11300,32,0
$JT,S,669121,669123,190,10,0,2975,-50,-20,0,11300,30,0
$JT,S,669141,669143,191,11,0,981,-300,116,1,11300,32,0
$JT,S,669161,669163,192,0,0,1800,0,-56,1,11200,31,0
$JT,S,669181,669183,193,1,0,1348,-100,28,2,11300,30,0
$JT,S,669201,669203,194,2,0,3056,200,-80,3,11400,32,0
$JT,S,669221,669223,195,3,0,2174,0,0,0,11400,32,0
$JT,S,669243,669245,196,4,0,2440,0,-8,0,11300,29,0
$JT,S,669263,669265,197,5,0,1021,0,0,0,11400,31,0
$JT,S,669283,669285,198,6,0,2227,0,48,1,11300,30,0
$JT,S,669303,669305,199,7,0,1420,0,8,0,11300,28,0
$JT,P,456,12,512
$JT,S,669323,669325,200,8,0,3032,0,0,0,11300,34,0
$JT,S,669343,669345,201,9,0,1868,50,-132,3,11300,32,0
$JT,S,669361,669363,202,10,0,2961,-300,48,2,11300,30,0
$JT,S,669380,669382,203,11,0,938,-150,28,0,11300,32,0
$JT,S,669400,669402,204,0,0,1828,300,-144,3,11200,31,0
$JT,S,669421,669423,205,1,0,1382,300,-52,1,11300,29,0
$JT,S,669441,669443,206,2,0,3080,0,88,4,11400,32,0
$JT,S,669461,669463,207,3,0,2174,0,0,0,11400,32,0
$JT,S,669481,669483,208,4,0,2440,0,-8,0,11300,29,0
$JT,S,669503,669505,209,5,0,1021,0,0,0,11400,31,0
$JT,S,669523,669525,210,6,0,2227,0,48,1,11300,30,0
$JT,S,669541,669543,211,7,0,1420,0,8,0,11300,28,0
$JT,P,468,12,512
$JT,S,669561,669563,212,8,0,3032,0,0,0,11400,34,0
$JT,S,669581,669583,213,9,0,1936,300,-96,2,11300,31,0
$JT,S,669601,669603,214,10,0,2890,-300,60,1,11300,30,0
$JT,S,669620,669622,215,11,0,973,300,-112,1,11300,32,0
$JT,S,669640,669642,216,0,0,1900,300,-136,2,11200,31,0
$JT,S,669660,669662,217,1,0,1453,300,-48,2,11300,30,0
$JT,S,669680,669682,218,2,0,3019,-300,112,2,11400,32,0
$JT,S,669700,669702,219,3,0,2174,0,0,0,11400,32,0
$JT,S,669720,669722,220,4,0,2440,0,-8,0,11300,29,0
$JT,S,669740,669742,221,5,0,1021,0,0,0,11400,31,0
$JT,S,669760,669762,222,6,0,2227,0,48,1,11300,30,0
$JT,S,669780,669782,223,7,0,1420,0,8,0,11300,28,0
$JT,P,480,12,512
$JT,S,669800,669802,224,8,0,3032,0,0,0,11300,34,0
$JT,S,669820,669822,225,9,0,1946,0,-48,1,11300,32,0
$JT,S,669840,669842,226,10,0,2819,-350,60,1,11300,30,0
$JT,S,669861,669863,227,11,0,1020,50,-24,0,11300,32,0
$JT,S,669881,669883,228,0,0,1923,0,-56,1,11200,31,0
$JT,S,669903,669905,229,1,0,1525,300,-48,2,11300,30,0
$JT,S,669923,669925,230,2,0,2991,0,24,1,11400,32,0
$JT,S,669943,669945,231,3,0,2174,0,0,0,11400,32,0
$JT,S,669963,669965,232,4,0,2448,200,-56,3,11300,29,0
$JT,S,669981,669983,233,5,0,1013,-200,108,1,11400,31,0
$JT,S,670001,670003,234,6,0,2227,0,48,1,11300,30,0
$JT,S,670021,670023,235,7,0,1394,-300,60,5,11300,28,0
$JT,P,492,12,512
$JT,S,670041,670043,236,8,0,3055,300,-124,2,11300,34,0
$JT,S,670061,670063,237,9,0,1946,0,-48,1,11300,32,0
$JT,S,670083,670085,238,10,0,2777,0,-8,0,11300,30,0
$JT,S,670103,670105,239,11,0,1021,0,0,0,11300,32,0
$JT,S,670123,670125,240,0,0,1923,0,-56,1,11200,31,0
$JT,S,670141,670143,241,1,0,1555,0,8,0,11300,30,0
$JT,S,670161,670163,242,2,0,2991,0,24,0,11400,32,0
$JT,S,670180,670182,243,3,0,2157,-300,132,3,11400,32,0
$JT,S,670200,670202,244,4,0,2489,50,-8,0,11300,29,0
$JT,S,670221,670223,245,5,0,961,0,-28,0,11400,31,0
$JT,S,670241,670243,246,6,0,2186,-300,128,3,11300,30,0
$JT,S,670261,670263,247,7,0,1375,0,0,0,11300,28,0
$JT,P,504,8,512
$JT,S,670281,670283,248,8,0,3082,-200,100,1,11300,34,0
$JT,S,670303,670305,249,9,0,1946,0,-48,1,11300,31,0
$JT,S,670323,670325,250,10,0,2777,0,-8,0,11300,30,0
$JT,S,670341,670343,251,11,0,1021,0,0,0,11300,32,0
$JT,S,670361,670363,252,0,0,1923,0,-56,2,11200,31,0
$JT,S,670381,670383,253,1,0,1555,0,8,1,11300,30,0
$JT,S,670401,670403,254,2,0,2991,0,24,0,11400,32,0
$JT,S,670420,670422,255,3,0,2095,-100,48,1,11400,32,0
$JT,END
