$JT,M,1,256,256,0,1,19,3400,254
$JT,R,s-native-v6-2-3-v65
$JT,J,0,1,1929,-1
$JT,J,1,2,2077,-1
$JT,J,2,3,1965,1
$JT,J,3,4,2089,1
$JT,J,4,5,1922,1
$JT,J,5,6,2081,-1
$JT,J,6,7,2104,-1
$JT,J,7,8,1942,-1
$JT,J,8,9,1964,1
$JT,J,9,10,1951,1
$JT,J,10,11,2255,1
$JT,J,11,12,2046,-1
$JT,P,0,12,512
$JT,C,0,24709,24709,1929,1554,2989,2089,2445,1057,2104,1419,2988,1951,2778,1022
$JT,C,1,24730,24731,1929,1554,2989,2089,2445,1057,2104,1419,2988,1951,2778,1022
$JT,C,2,24750,24751,1929,1554,2989,2089,2448,1054,2104,1416,2991,1951,2778,1022
$JT,C,3,24770,24771,1929,1554,2989,2090,2452,1046,2104,1413,2998,1951,2778,1022
$JT,C,4,24789,24789,1929,1554,2989,2092,2458,1035,2104,1407,3007,1951,2778,1022
$JT,C,5,24809,24809,1929,1554,2989,2095,2466,1022,2104,1399,3020,1951,2778,1022
$JT,C,6,24830,24831,1929,1554,2989,2099,2476,1006,2104,1391,3034,1951,2778,1022
$JT,C,7,24850,24851,1929,1554,2989,2104,2485,991,2104,1383,3047,1951,2778,1022
$JT,C,8,24870,24871,1929,1554,2989,2111,2494,977,2104,1375,3057,1951,2778,1022
$JT,C,9,24889,24889,1929,1554,2989,2117,2502,966,2104,1370,3064,1951,2778,1022
$JT,C,10,24909,24909,1929,1554,2989,2127,2508,959,2104,1366,3068,1951,2778,1022
$JT,C,11,24929,24929,1929,1554,2989,2137,2511,955,2104,1365,3069,1951,2778,1022
$JT,P,12,12,512
$JT,C,12,24949,24949,1929,1554,2989,2148,2515,950,2104,1364,3069,1951,2778,1022
$JT,C,13,24969,24969,1929,1552,2989,2161,2517,947,2104,1364,3069,1951,2780,1022
$JT,C,14,24989,24989,1929,1550,2989,2173,2519,943,2104,1364,3069,1951,2782,1022
$JT,C,15,25009,25009,1929,1547,2989,2187,2520,939,2104,1365,3069,1951,2785,1022
$JT,C,16,25029,25029,1929,1541,2989,2201,2520,936,2104,1366,3069,1951,2791,1022
$JT,C,17,25050,25051,1929,1534,2989,2214,2519,934,2104,1369,3069,1951,2798,1022
$JT,C,18,25070,25071,1929,1525,2988,2227,2518,932,2104,1372,3069,1951,2807,1023
$JT,C,19,25090,25091,1929,1512,2986,2240,2515,931,2104,1375,3069,1951,2820,1025
$JT,C,20,25110,25111,1929,1497,2982,2252,2511,931,2104,1380,3069,1951,2835,1029
$JT,C,21,25132,25132,1929,1477,2976,2262,2505,933,2104,1386,3067,1951,2855,1035
$JT,C,22,25152,25152,1929,1457,2966,2272,2495,941,2104,1395,3059,1951,2875,1045
$JT,C,23,25172,25172,1929,1436,2954,2279,2483,953,2104,1407,3045,1951,2896,1057
$JT,P,24,12,512
$JT,C,24,25192,25192,1929,1417,2937,2286,2468,971,2104,1421,3029,1951,2915,1074
$JT,C,25,25212,25212,1929,1403,2922,2289,2454,989,2104,1435,3011,1951,2929,1089
$JT,C,26,25230,25231,1929,1393,2907,2293,2444,1002,2104,1445,2997,1951,2939,1104
$JT,C,27,25250,25250,1929,1384,2895,2294,2436,1011,2104,1452,2989,1951,2948,1116
$JT,C,28,25270,25270,1929,1377,2883,2294,2433,1015,2104,1456,2986,1951,2955,1128
$JT,C,29,25290,25290,1929,1370,2874,2294,2431,1015,2104,1457,2986,1951,2962,1137
$JT,C,30,25310,25310,1929,1362,2870,2294,2429,1015,2104,1460,2986,1951,2970,1141
$JT,C,31,25330,25330,1928,1352,2874,2293,2428,1015,2105,1460,2986,1950,2980,1138
$JT,C,32,25350,25351,1926,1342,2889,2290,2428,1015,2107,1460,2987,1949,2990,1123
$JT,C,33,25370,25370,1923,1333,2912,2288,2431,1014,2110,1456,2989,1948,2998,1101
$JT,C,34,25390,25390,1919,1328,2941,2284,2434,1014,2114,1452,2991,1944,3003,1072
$JT,C,35,25411,25412,1914,1328,2973,2279,2441,1013,2119,1445,2995,1941,3001,1040
$JT,P,36,12,512
$JT,C,36,25432,25432,1909,1337,3004,2273,2448,1011,2124,1436,2998,1936,2992,1011
$JT,C,37,25452,25453,1902,1353,3029,2268,2458,1010,2130,1424,3002,1931,2976,986
$JT,C,38,25472,25473,1895,1374,3049,2261,2472,1009,2137,1411,3005,1924,2956,964
$JT,C,39,25492,25492,1888,1397,3066,2254,2486,1009,2143,1394,3007,1915,2934,946
$JT,C,40,25512,25512,1882,1421,3079,2248,2506,1011,2148,1373,3008,1905,2911,932
$JT,C,41,25532,25533,1878,1443,3088,2244,2528,1016,2153,1350,3005,1893,2890,921
$JT,C,42,25552,25553,1874,1465,3093,2241,2553,1023,2155,1324,2998,1880,2871,913
$JT,C,43,25572,25573,1873,1484,3094,2240,2581,1035,2156,1298,2986,1866,2853,907
$JT,C,44,25592,25593,1874,1500,3094,2241,2608,1054,2154,1273,2966,1849,2840,903
$JT,C,45,25612,25612,1878,1515,3093,2245,2634,1076,2152,1249,2940,1833,2827,900
$JT,C,46,25632,25632,1874,1527,3090,2241,2656,1105,2154,1227,2912,1824,2815,901
$JT,C,47,25652,25653,1871,1540,3083,2239,2674,1137,2157,1208,2883,1818,2802,909
$JT,P,48,12,512
$JT,C,48,25672,25673,1870,1554,3071,2237,2687,1167,2160,1193,2855,1813,2787,923
$JT,C,49,25692,25692,1869,1568,3054,2236,2696,1195,2162,1184,2830,1810,2774,939
$JT,C,50,25712,25713,1868,1581,3037,2235,2700,1216,2163,1179,2808,1809,2761,956
$JT,C,51,25731,25731,1868,1590,3023,2233,2704,1231,2163,1175,2795,1808,2752,970
$JT,C,52,25751,25751,1868,1595,3015,2233,2704,1238,2164,1174,2788,1808,2747,979
$JT,C,53,25769,25770,1868,1597,3013,2233,2705,1240,2164,1174,2785,1808,2745,981
$JT,C,54,25788,25788,1868,1597,3013,2233,2705,1239,2164,1174,2787,1808,2745,981
$JT,C,55,25809,25810,1868,1596,3013,2233,2707,1233,2164,1172,2792,1808,2745,981
$JT,C,56,25831,25831,1863,1593,3014,2230,2712,1215,2169,1165,2812,1811,2747,981
$JT,C,57,25852,25852,1860,1590,3016,2228,2718,1186,2173,1157,2844,1816,2749,981
$JT,C,58,25872,25873,1856,1585,3017,2224,2724,1146,2178,1151,2884,1819,2753,980
$JT,C,59,25892,25893,1853,1579,3020,2222,2725,1104,2181,1149,2928,1822,2759,980
$JT,P,60,12,512
$JT,C,60,25912,25912,1849,1571,3022,2219,2717,1062,2186,1156,2971,1826,2767,980
$JT,C,61,25932,25933,1845,1560,3024,2215,2701,1026,2190,1169,3008,1829,2776,979
$JT,C,62,25952,25953,1841,1548,3025,2211,2679,998,2195,1191,3039,1834,2787,979
$JT,C,63,25972,25973,1837,1534,3027,2207,2651,976,2200,1216,3064,1838,2801,980
$JT,C,64,25992,25993,1832,1516,3028,2202,2622,960,2204,1243,3082,1843,2817,981
$JT,C,65,26012,26013,1828,1497,3027,2196,2593,950,2211,1271,3095,1849,2836,984
$JT,C,66,26032,26033,1821,1473,3024,2189,2566,944,2218,1296,3104,1855,2858,990
$JT,C,67,26052,26053,1813,1447,3017,2181,2542,942,2227,1318,3109,1863,2881,1000
$JT,C,68,26072,26073,1805,1419,3006,2172,2520,943,2236,1338,3112,1872,2906,1015
$JT,C,69,26092,26093,1796,1391,2990,2163,2502,945,2245,1354,3113,1882,2930,1037
$JT,C,70,26112,26112,1787,1366,2967,2154,2486,949,2255,1367,3114,1891,2951,1065
$JT,C,71,26132,26132,1787,1343,2939,2154,2474,951,2254,1380,3111,1891,2973,1095
$JT,P,72,12,512
$JT,C,72,26152,26152,1786,1326,2909,2154,2460,960,2254,1394,3103,1891,2990,1124
$JT,C,73,26172,26172,1786,1312,2879,2153,2445,974,2253,1408,3088,1891,3005,1153
$JT,C,74,26192,26192,1786,1303,2851,2153,2432,991,2251,1423,3071,1891,3014,1180
$JT,C,75,26212,26212,1785,1299,2830,2152,2419,1008,2250,1436,3054,1891,3018,1201
$JT,C,76,26230,26231,1785,1296,2815,2152,2409,1023,2248,1445,3040,1891,3022,1215
$JT,C,77,26250,26251,1785,1295,2808,2152,2404,1031,2247,1450,3031,1891,3023,1222
$JT,C,78,26269,26269,1785,1294,2806,2150,2402,1033,2247,1452,3029,1891,3023,1225
$JT,C,79,26287,26288,1785,1294,2807,2150,2402,1033,2247,1452,3029,1891,3023,1223
$JT,C,80,26309,26309,1785,1292,2813,2150,2403,1033,2247,1452,3029,1891,3025,1218
$JT,C,81,26330,26331,1787,1287,2831,2154,2404,1032,2244,1450,3029,1887,3032,1198
$JT,C,82,26352,26352,1790,1281,2860,2158,2409,1030,2241,1448,3029,1883,3040,1166
$JT,C,83,26372,26372,1792,1275,2900,2162,2414,1029,2237,1444,3030,1878,3046,1126
$JT,P,84,12,512
$JT,C,84,26392,26392,1795,1274,2942,2165,2420,1026,2234,1438,3030,1874,3048,1082
$JT,C,85,26411,26412,1798,1282,2984,2169,2428,1024,2230,1430,3030,1870,3041,1039
$JT,C,86,26432,26432,1802,1298,3020,2172,2439,1023,2226,1421,3031,1866,3028,1002
$JT,C,87,26452,26453,1806,1320,3048,2175,2451,1021,2222,1410,3031,1861,3006,971
$JT,C,88,26472,26473,1811,1348,3070,2180,2465,1019,2218,1396,3031,1857,2981,946
$JT,C,89,26492,26493,1815,1377,3086,2185,2482,1018,2213,1380,3029,1851,2954,928
$JT,C,90,26512,26513,1821,1406,3097,2190,2502,1019,2208,1361,3027,1845,2926,915
$JT,C,91,26532,26533,1828,1433,3102,2197,2526,1022,2200,1339,3020,1837,2901,906
$JT,C,92,26552,26553,1836,1457,3104,2204,2552,1029,2192,1315,3010,1829,2879,901
$JT,C,93,26572,26573,1845,1479,3103,2213,2580,1040,2183,1291,2995,1820,2859,898
$JT,C,94,26592,26593,1855,1497,3101,2222,2608,1056,2173,1267,2973,1810,2843,897
$JT,C,95,26612,26613,1864,1513,3097,2231,2633,1079,2164,1246,2945,1801,2830,896
$JT,P,96,12,512
$JT,C,96,26632,26632,1864,1525,3095,2231,2656,1107,2164,1224,2915,1801,2817,899
$JT,C,97,26652,26652,1864,1539,3086,2232,2673,1137,2164,1207,2886,1801,2803,907
$JT,C,98,26672,26673,1865,1554,3072,2232,2687,1167,2164,1192,2857,1802,2789,922
$JT,C,99,26692,26692,1865,1567,3055,2232,2696,1195,2164,1183,2830,1804,2774,939
$JT,C,100,26712,26713,1866,1580,3038,2233,2700,1216,2164,1179,2809,1805,2761,956
$JT,C,101,26730,26731,1866,1590,3023,2233,2703,1231,2164,1175,2795,1807,2752,970
$JT,C,102,26751,26751,1866,1595,3015,2233,2704,1238,2164,1174,2788,1808,2747,979
$JT,C,103,26769,26770,1868,1597,3013,2233,2705,1240,2164,1174,2785,1808,2745,981
$JT,C,104,26788,26788,1868,1597,3013,2233,2705,1239,2164,1174,2787,1808,2745,981
$JT,C,105,26809,26810,1868,1596,3013,2233,2707,1233,2164,1172,2792,1808,2745,981
$JT,C,106,26831,26831,1863,1593,3014,2230,2712,1215,2169,1165,2812,1811,2747,981
$JT,C,107,26852,26852,1860,1590,3016,2228,2718,1186,2173,1157,2844,1816,2749,981
$JT,P,108,12,512
$JT,C,108,26872,26873,1856,1585,3017,2224,2724,1146,2178,1151,2884,1819,2753,980
$JT,C,109,26892,26893,1853,1579,3020,2222,2725,1104,2181,1149,2928,1822,2759,980
$JT,C,110,26912,26912,1849,1571,3022,2219,2717,1062,2186,1156,2971,1826,2767,980
$JT,C,111,26932,26933,1845,1560,3024,2215,2701,1026,2190,1169,3008,1829,2776,979
$JT,C,112,26952,26953,1841,1548,3025,2211,2679,998,2195,1191,3039,1834,2787,979
$JT,C,113,26972,26973,1837,1534,3027,2207,2651,976,2200,1216,3064,1838,2801,980
$JT,C,114,26992,26993,1832,1516,3028,2202,2622,960,2204,1243,3082,1843,2817,981
$JT,C,115,27012,27013,1828,1497,3027,2196,2593,950,2211,1271,3095,1849,2836,984
$JT,C,116,27032,27033,1821,1473,3024,2189,2566,944,2218,1296,3104,1855,2858,990
$JT,C,117,27052,27053,1813,1447,3017,2181,2542,942,2227,1318,3109,1863,2881,1000
$JT,C,118,27072,27073,1805,1419,3006,2172,2520,943,2236,1338,3112,1872,2906,1015
$JT,C,119,27092,27093,1796,1391,2990,2163,2502,945,2245,1354,3113,1882,2930,1037
$JT,P,120,12,512
$JT,C,120,27112,27112,1787,1366,2967,2154,2486,949,2255,1367,3114,1891,2951,1065
$JT,C,121,27132,27132,1787,1343,2939,2154,2474,951,2254,1380,3111,1891,2973,1095
$JT,C,122,27152,27152,1786,1326,2909,2154,2460,960,2254,1394,3103,1891,2990,1124
$JT,C,123,27172,27173,1786,1312,2879,2153,2445,974,2253,1408,3088,1891,3005,1153
$JT,C,124,27192,27192,1786,1303,2851,2153,2432,991,2251,1423,3071,1891,3014,1180
$JT,C,125,27212,27212,1785,1299,2830,2152,2419,1008,2250,1436,3054,1891,3018,1201
$JT,C,126,27230,27231,1785,1296,2815,2152,2409,1023,2248,1445,3040,1891,3022,1215
$JT,C,127,27250,27251,1785,1295,2808,2152,2404,1031,2247,1450,3031,1891,3023,1222
$JT,C,128,27269,27269,1785,1294,2806,2150,2402,1033,2247,1452,3029,1891,3023,1225
$JT,C,129,27287,27288,1785,1294,2807,2150,2402,1033,2247,1452,3029,1891,3023,1223
$JT,C,130,27309,27309,1785,1292,2813,2150,2403,1033,2247,1452,3029,1891,3025,1218
$JT,C,131,27330,27331,1787,1287,2831,2154,2404,1032,2244,1450,3029,1887,3032,1198
$JT,P,132,12,512
$JT,C,132,27352,27352,1790,1281,2860,2158,2409,1030,2241,1448,3029,1883,3040,1166
$JT,C,133,27372,27372,1792,1275,2900,2162,2414,1029,2237,1444,3030,1878,3046,1126
$JT,C,134,27392,27392,1795,1274,2942,2165,2420,1026,2234,1438,3030,1874,3048,1082
$JT,C,135,27411,27412,1798,1282,2984,2169,2428,1024,2230,1430,3030,1870,3041,1039
$JT,C,136,27432,27432,1802,1298,3020,2172,2439,1023,2226,1421,3031,1866,3028,1002
$JT,C,137,27452,27453,1806,1320,3048,2175,2451,1021,2222,1410,3031,1861,3006,971
$JT,C,138,27472,27473,1811,1348,3070,2180,2465,1019,2218,1396,3031,1857,2981,947
$JT,C,139,27492,27493,1815,1377,3086,2185,2482,1018,2213,1380,3029,1851,2954,928
$JT,C,140,27512,27513,1821,1406,3097,2190,2502,1019,2208,1361,3027,1845,2926,915
$JT,C,141,27532,27533,1828,1433,3102,2197,2526,1022,2200,1339,3020,1837,2901,906
$JT,C,142,27552,27553,1836,1457,3104,2204,2552,1029,2192,1315,3010,1829,2879,901
$JT,C,143,27572,27573,1845,1479,3103,2213,2580,1040,2183,1291,2995,1820,2859,898
$JT,P,144,12,512
$JT,C,144,27592,27593,1855,1497,3101,2222,2608,1056,2173,1267,2973,1810,2843,897
$JT,C,145,27612,27613,1864,1513,3097,2231,2633,1079,2164,1246,2945,1801,2830,896
$JT,C,146,27632,27632,1864,1525,3095,2231,2656,1107,2164,1224,2915,1801,2817,899
$JT,C,147,27652,27652,1864,1539,3086,2232,2673,1137,2164,1207,2886,1801,2803,907
$JT,C,148,27672,27673,1865,1554,3072,2232,2687,1167,2164,1192,2857,1802,2789,922
$JT,C,149,27692,27692,1865,1567,3055,2232,2696,1195,2164,1183,2830,1804,2774,939
$JT,C,150,27712,27713,1866,1580,3038,2233,2700,1216,2164,1179,2809,1805,2761,956
$JT,C,151,27730,27731,1866,1590,3023,2233,2703,1231,2164,1175,2795,1807,2752,970
$JT,C,152,27751,27751,1866,1595,3015,2233,2704,1238,2164,1174,2788,1808,2747,979
$JT,C,153,27769,27770,1868,1597,3013,2233,2705,1240,2164,1174,2785,1808,2745,981
$JT,C,154,27788,27788,1868,1597,3013,2233,2705,1239,2164,1174,2787,1808,2745,981
$JT,C,155,27809,27810,1868,1596,3013,2233,2707,1233,2164,1172,2792,1808,2745,981
$JT,P,156,12,512
$JT,C,156,27831,27831,1863,1593,3014,2230,2712,1215,2169,1165,2812,1811,2747,981
$JT,C,157,27852,27852,1860,1590,3016,2228,2718,1186,2173,1157,2844,1816,2749,981
$JT,C,158,27872,27873,1856,1585,3017,2224,2724,1146,2178,1151,2884,1819,2753,980
$JT,C,159,27892,27893,1853,1579,3020,2222,2725,1104,2181,1149,2928,1822,2759,980
$JT,C,160,27912,27912,1849,1571,3022,2219,2717,1062,2186,1156,2971,1826,2767,980
$JT,C,161,27932,27933,1845,1560,3024,2215,2701,1026,2190,1169,3008,1829,2776,979
$JT,C,162,27952,27953,1841,1548,3025,2211,2679,998,2195,1191,3039,1834,2787,979
$JT,C,163,27972,27973,1837,1534,3027,2207,2651,976,2200,1216,3064,1838,2801,980
$JT,C,164,27992,27993,1832,1516,3028,2202,2622,960,2204,1243,3082,1843,2817,981
$JT,C,165,28012,28013,1828,1497,3027,2196,2593,950,2211,1271,3095,1849,2836,984
$JT,C,166,28032,28033,1821,1473,3024,2189,2566,944,2218,1296,3104,1855,2858,990
$JT,C,167,28052,28053,1813,1447,3017,2181,2542,942,2227,1318,3109,1863,2881,1000
$JT,P,168,12,512
$JT,C,168,28072,28073,1805,1419,3006,2172,2520,943,2236,1338,3112,1872,2906,1015
$JT,C,169,28092,28093,1796,1391,2990,2163,2502,945,2245,1354,3113,1882,2930,1037
$JT,C,170,28112,28112,1787,1366,2967,2154,2486,949,2255,1367,3114,1891,2951,1065
$JT,C,171,28132,28132,1787,1343,2939,2154,2474,951,2254,1380,3111,1891,2973,1095
$JT,C,172,28152,28152,1786,1326,2909,2154,2460,960,2254,1394,3103,1891,2990,1124
$JT,C,173,28172,28172,1786,1312,2879,2153,2445,974,2253,1408,3088,1891,3005,1153
$JT,C,174,28192,28192,1786,1303,2851,2153,2432,991,2251,1423,3071,1891,3014,1180
$JT,C,175,28212,28212,1785,1299,2830,2152,2419,1008,2250,1436,3054,1891,3018,1201
$JT,C,176,28230,28231,1785,1296,2815,2152,2409,1023,2248,1445,3040,1891,3022,1215
$JT,C,177,28250,28251,1785,1295,2808,2152,2404,1031,2247,1450,3031,1891,3023,1222
$JT,C,178,28269,28269,1785,1294,2806,2150,2402,1033,2247,1452,3029,1891,3023,1225
$JT,C,179,28287,28288,1785,1294,2807,2150,2402,1033,2247,1452,3029,1891,3023,1223
$JT,P,180,12,512
$JT,C,180,28309,28309,1785,1292,2813,2150,2403,1033,2247,1452,3029,1891,3025,1218
$JT,C,181,28330,28331,1787,1287,2831,2154,2404,1032,2244,1450,3029,1887,3032,1198
$JT,C,182,28352,28352,1790,1281,2860,2158,2409,1030,2241,1448,3029,1883,3040,1166
$JT,C,183,28372,28372,1792,1275,2900,2162,2414,1029,2237,1444,3030,1878,3046,1126
$JT,C,184,28392,28392,1795,1274,2942,2165,2420,1026,2234,1438,3030,1874,3048,1082
$JT,C,185,28411,28412,1798,1282,2984,2169,2428,1024,2230,1430,3030,1870,3041,1039
$JT,C,186,28432,28432,1802,1298,3020,2172,2439,1023,2226,1421,3031,1866,3028,1002
$JT,C,187,28452,28453,1806,1320,3048,2175,2451,1021,2222,1410,3031,1861,3006,971
$JT,C,188,28472,28473,1811,1348,3070,2180,2465,1019,2218,1396,3031,1857,2981,947
$JT,C,189,28492,28493,1815,1377,3086,2185,2482,1018,2213,1380,3029,1851,2954,928
$JT,C,190,28512,28513,1821,1406,3097,2190,2502,1019,2208,1361,3027,1845,2926,915
$JT,C,191,28532,28533,1828,1433,3102,2197,2526,1022,2200,1339,3020,1837,2901,906
$JT,P,192,12,512
$JT,C,192,28552,28553,1836,1457,3104,2204,2552,1029,2192,1315,3010,1829,2879,901
$JT,C,193,28572,28573,1845,1479,3103,2213,2580,1040,2183,1291,2995,1820,2859,898
$JT,C,194,28592,28593,1855,1497,3101,2222,2608,1056,2173,1267,2973,1810,2843,897
$JT,C,195,28612,28613,1864,1513,3097,2231,2633,1079,2164,1246,2945,1801,2830,896
$JT,C,196,28632,28632,1864,1525,3095,2231,2656,1107,2164,1224,2915,1801,2817,899
$JT,C,197,28652,28652,1864,1539,3086,2232,2673,1137,2164,1207,2886,1801,2803,907
$JT,C,198,28672,28673,1865,1554,3072,2232,2687,1167,2164,1192,2857,1802,2789,922
$JT,C,199,28692,28692,1865,1567,3055,2232,2696,1195,2164,1183,2830,1804,2774,939
$JT,C,200,28712,28713,1866,1580,3038,2233,2700,1216,2164,1179,2809,1805,2761,956
$JT,C,201,28730,28731,1866,1590,3023,2233,2703,1231,2164,1175,2795,1807,2752,970
$JT,C,202,28751,28751,1866,1595,3015,2233,2704,1238,2164,1174,2788,1808,2747,979
$JT,C,203,28769,28770,1868,1597,3013,2233,2705,1240,2164,1174,2785,1808,2745,981
$JT,P,204,12,512
$JT,C,204,28788,28788,1868,1597,3013,2233,2705,1239,2164,1174,2787,1808,2745,981
$JT,C,205,28809,28810,1868,1596,3013,2233,2707,1233,2164,1172,2792,1808,2745,981
$JT,C,206,28831,28831,1863,1593,3014,2230,2712,1215,2169,1165,2812,1811,2747,981
$JT,C,207,28852,28852,1860,1590,3016,2228,2718,1186,2173,1157,2844,1816,2749,981
$JT,C,208,28872,28873,1856,1585,3017,2224,2724,1146,2178,1151,2884,1819,2753,980
$JT,C,209,28892,28893,1853,1579,3020,2222,2725,1104,2181,1149,2928,1822,2759,980
$JT,C,210,28912,28912,1849,1571,3022,2219,2717,1062,2186,1156,2971,1826,2767,980
$JT,C,211,28932,28933,1845,1560,3024,2215,2701,1026,2190,1169,3008,1829,2776,979
$JT,C,212,28952,28953,1841,1548,3025,2211,2679,998,2195,1191,3039,1834,2787,979
$JT,C,213,28972,28973,1837,1534,3027,2207,2651,976,2200,1216,3064,1838,2801,980
$JT,C,214,28992,28993,1832,1516,3028,2202,2622,960,2204,1243,3082,1843,2817,981
$JT,C,215,29012,29013,1828,1497,3027,2196,2593,950,2211,1271,3095,1849,2836,984
$JT,P,216,12,512
$JT,C,216,29032,29033,1821,1473,3024,2189,2566,944,2218,1296,3104,1855,2858,990
$JT,C,217,29052,29053,1813,1447,3017,2181,2542,942,2227,1318,3109,1863,2881,1000
$JT,C,218,29072,29073,1805,1419,3006,2172,2520,943,2236,1338,3112,1872,2906,1015
$JT,C,219,29092,29093,1796,1391,2990,2163,2502,945,2245,1354,3113,1882,2930,1037
$JT,C,220,29112,29112,1787,1366,2967,2154,2486,949,2255,1367,3114,1891,2951,1065
$JT,C,221,29132,29132,1787,1343,2939,2154,2474,951,2254,1380,3111,1891,2973,1095
$JT,C,222,29152,29152,1786,1326,2909,2154,2460,960,2254,1394,3103,1891,2990,1124
$JT,C,223,29172,29172,1786,1312,2879,2153,2445,974,2253,1408,3088,1891,3005,1153
$JT,C,224,29192,29192,1786,1303,2851,2153,2432,991,2251,1423,3071,1891,3014,1180
$JT,C,225,29212,29212,1785,1299,2830,2152,2419,1008,2250,1436,3054,1891,3018,1201
$JT,C,226,29230,29231,1785,1296,2815,2152,2409,1023,2248,1445,3040,1891,3022,1215
$JT,C,227,29250,29251,1785,1295,2808,2152,2404,1031,2247,1450,3031,1891,3023,1222
$JT,P,228,12,512
$JT,C,228,29269,29269,1785,1294,2806,2150,2402,1033,2247,1452,3029,1891,3023,1225
$JT,C,229,29287,29288,1785,1294,2807,2150,2402,1033,2247,1452,3029,1891,3023,1223
$JT,C,230,29309,29309,1785,1292,2813,2150,2403,1033,2247,1452,3029,1891,3025,1218
$JT,C,231,29330,29331,1787,1287,2831,2154,2404,1032,2244,1450,3029,1887,3032,1198
$JT,C,232,29352,29352,1790,1281,2860,2158,2409,1030,2241,1448,3029,1883,3040,1166
$JT,C,233,29372,29372,1792,1275,2900,2162,2414,1029,2237,1444,3030,1878,3046,1126
$JT,C,234,29392,29392,1795,1274,2942,2165,2420,1026,2234,1438,3030,1874,3048,1082
$JT,C,235,29412,29412,1798,1282,2984,2169,2428,1024,2230,1430,3030,1870,3041,1039
$JT,C,236,29426,29426,1798,1281,2984,2169,2428,1024,2230,1430,3030,1870,3041,1039
$JT,C,237,29445,29445,1798,1281,2984,2169,2428,1024,2230,1430,3030,1870,3042,1039
$JT,C,238,29465,29465,1798,1279,2986,2169,2428,1024,2230,1430,3030,1870,3042,1038
$JT,C,239,29485,29485,1798,1278,2988,2169,2428,1024,2230,1430,3030,1870,3043,1036
$JT,P,240,12,512
$JT,C,240,29505,29505,1798,1277,2989,2169,2428,1024,2230,1430,3030,1870,3045,1035
$JT,C,241,29525,29525,1798,1276,2990,2169,2428,1024,2230,1430,3030,1870,3046,1033
$JT,C,242,29545,29545,1798,1276,2991,2169,2428,1024,2230,1430,3030,1870,3047,1032
$JT,C,243,29565,29565,1798,1276,2991,2169,2428,1024,2230,1430,3030,1870,3047,1032
$JT,C,244,29585,29585,1800,1278,2995,2169,2428,1024,2230,1430,3030,1871,3045,1029
$JT,C,245,29606,29607,1812,1292,3011,2169,2428,1024,2230,1430,3030,1878,3031,1013
$JT,C,246,29626,29627,1835,1323,3039,2169,2428,1024,2230,1430,3030,1892,3001,983
$JT,C,247,29646,29647,1864,1370,3064,2169,2428,1024,2230,1430,3030,1910,2956,956
$JT,C,248,29667,29668,1893,1427,3077,2169,2428,1024,2230,1430,3030,1928,2901,941
$JT,C,249,29686,29686,1915,1477,3074,2169,2428,1024,2230,1430,3030,1943,2853,939
$JT,C,250,29706,29707,1927,1504,3071,2169,2428,1024,2230,1430,3030,1950,2827,941
$JT,C,251,29725,29725,1929,1509,3070,2169,2428,1024,2230,1430,3030,1951,2823,941
$JT,P,252,12,512
$JT,C,252,29743,29744,1929,1509,3070,2169,2428,1024,2230,1430,3030,1951,2823,941
$JT,C,253,29763,29764,1929,1509,3070,2169,2428,1024,2230,1430,3030,1951,2823,941
$JT,C,254,29785,29785,1929,1509,3069,2169,2428,1024,2230,1430,3030,1951,2823,942
$JT,C,255,29805,29805,1929,1512,3065,2169,2428,1024,2230,1430,3030,1951,2820,946
$JT,S,24709,24711,0,0,0,1923,0,-56,1,11200,36,0
$JT,S,24731,24733,1,1,0,1556,0,16,1,11300,31,0
$JT,S,24751,24753,2,2,0,2991,0,24,1,11400,33,0
$JT,S,24771,24773,3,3,0,2094,0,48,1,11400,33,0
$JT,S,24789,24791,4,4,0,2444,0,-32,0,11300,30,0
$JT,S,24809,24811,5,5,0,1055,0,68,1,11400,32,0
$JT,S,24831,24833,6,6,0,2108,0,40,1,11200,32,0
$JT,S,24851,24853,7,7,0,1409,-250,56,3,11300,30,0
$JT,P,264,12,512
$JT,S,24871,24873,8,8,0,2999,200,-120,2,11300,38,0
$JT,S,24889,24891,9,9,0,1946,0,-48,1,11300,33,0
$JT,S,24909,24911,10,10,0,2776,0,-16,0,11200,32,0
$JT,S,24929,24931,11,11,0,1017,0,-48,0,11300,33,0
$JT,S,24949,24951,12,0,0,1923,0,-56,1,11200,32,0
$JT,S,24969,24971,13,1,0,1556,0,28,1,11300,31,0
$JT,S,24989,24991,14,2,0,2991,0,24,1,11400,33,0
$JT,S,25009,25011,15,3,0,2126,300,-96,1,11300,41,0
$JT,S,25029,25031,16,4,0,2506,300,-56,2,11300,30,0
$JT,S,25051,25053,17,5,0,993,-250,132,2,11400,32,0
$JT,S,25071,25073,18,6,0,2108,0,40,0,11200,32,0
$JT,S,25091,25093,19,7,0,1368,50,-20,0,11300,30,0
$JT,P,276,12,512
$JT,S,25111,25113,20,8,0,3063,150,-44,0,11300,35,0
$JT,S,25132,25134,21,9,0,1946,0,-48,1,11300,33,0
$JT,S,25152,25154,22,10,0,2805,300,-60,4,11200,32,0
$JT,S,25173,25175,23,11,0,1024,250,-88,1,11200,33,0
$JT,S,25192,25195,24,0,0,1923,0,-56,1,11200,32,0
$JT,S,25212,25214,25,1,0,1509,-350,72,4,11300,31,0
$JT,S,25231,25233,26,2,0,2971,-250,108,2,11400,33,0
$JT,S,25250,25252,27,3,0,2197,300,-112,2,11300,33,0
$JT,S,25270,25272,28,4,0,2483,-300,48,1,11300,30,0
$JT,S,25290,25292,29,5,0,938,0,-32,0,11400,32,0
$JT,S,25310,25312,30,6,0,2108,0,40,0,11200,32,0
$JT,S,25331,25333,31,7,0,1425,300,-44,3,11300,30,0
$JT,P,288,12,512
$JT,S,25351,25353,32,8,0,3030,-300,124,2,11300,35,0
$JT,S,25370,25372,33,9,0,1946,0,-20,0,11300,33,0
$JT,S,25390,25392,34,10,0,2875,300,-72,4,11200,32,0
$JT,S,25412,25414,35,11,0,1092,300,-80,0,11300,33,0
$JT,S,25432,25434,36,0,0,1923,0,60,2,11200,32,0
$JT,S,25453,25455,37,1,0,1437,-300,72,4,11300,31,0
$JT,S,25473,25475,38,2,0,2908,-150,20,0,11400,33,0
$JT,S,25493,25495,39,3,0,2268,300,-76,1,11300,33,0
$JT,S,25513,25515,40,4,0,2431,0,-48,2,11300,30,0
$JT,S,25533,25535,41,5,0,996,300,-88,1,11400,32,0
$JT,S,25553,25555,42,6,0,2132,250,-104,1,11200,32,0
$JT,S,25573,25575,43,7,0,1440,-300,64,3,11300,30,0
$JT,P,300,12,512
$JT,S,25593,25595,44,8,0,3000,150,-52,1,11300,35,0
$JT,S,25613,25615,45,9,0,1907,-300,96,0,11300,33,0
$JT,S,25632,25634,46,10,0,2931,0,16,0,11200,32,0
$JT,S,25653,25655,47,11,0,1071,-300,120,1,11300,33,0
$JT,S,25673,25675,48,0,0,1875,-50,32,0,11200,32,0
$JT,S,25693,25695,49,1,0,1409,200,-48,3,11300,31,0
$JT,S,25713,25715,50,2,0,2957,250,-112,2,11400,33,0
$JT,S,25731,25733,51,3,0,2244,-150,68,1,11400,33,0
$JT,S,25751,25753,52,4,0,2499,300,-64,2,11300,30,0
$JT,S,25770,25772,53,5,0,1060,250,-112,1,11400,36,0
$JT,S,25788,25790,54,6,0,2161,0,-36,0,11200,32,0
$JT,S,25810,25812,55,7,0,1370,-300,72,4,11300,30,0
$JT,P,312,12,512
$JT,S,25831,25833,56,8,0,2957,-300,108,1,11300,35,0
$JT,S,25853,25855,57,9,0,1836,-350,104,1,11300,33,0
$JT,S,25873,25875,58,10,0,2865,-300,48,1,11200,32,0
$JT,S,25893,25895,59,11,0,1000,-250,108,1,11300,33,0
$JT,S,25912,25914,60,0,0,1862,-150,56,1,11200,32,0
$JT,S,25933,25935,61,1,0,1481,300,-48,2,11300,32,0
$JT,S,25953,25955,62,2,0,3015,150,-60,2,11400,33,0
$JT,S,25973,25975,63,3,0,2223,-100,80,2,11300,34,0
$JT,S,25993,25995,64,4,0,2571,300,-64,2,11300,30,0
$JT,S,26013,26015,65,5,0,1120,50,28,0,11400,32,0
$JT,S,26033,26035,66,6,0,2193,250,-80,0,11200,32,0
$JT,S,26053,26055,67,7,0,1298,-300,64,3,11300,30,0
$JT,P,324,12,512
$JT,S,26073,26075,68,8,0,2918,100,-120,2,11300,35,0
$JT,S,26093,26095,69,9,0,1833,300,-128,2,11300,33,0
$JT,S,26112,26114,70,10,0,2809,0,-32,1,11200,32,0
$JT,S,26132,26134,71,11,0,993,250,-112,2,11300,54,0
$JT,S,26152,26154,72,0,0,1812,-300,104,1,11200,32,0
$JT,S,26172,26174,73,1,0,1509,-250,64,4,11300,31,0
$JT,S,26192,26194,74,2,0,3003,-300,112,2,11400,33,0
$JT,S,26212,26214,75,3,0,2167,-250,96,1,11300,33,0
$JT,S,26231,26233,76,4,0,2575,-300,52,0,11300,30,0
$JT,S,26251,26253,77,5,0,1066,-300,120,1,11400,32,0
$JT,S,26269,26271,78,6,0,2251,100,32,0,11200,32,0
$JT,S,26288,26290,79,7,0,1315,300,-48,1,11300,30,0
$JT,P,336,12,512
$JT,S,26309,26311,80,8,0,2987,300,-120,1,11300,35,0
$JT,S,26331,26333,81,9,0,1886,0,-40,1,11300,33,0
$JT,S,26352,26354,82,10,0,2872,300,-72,4,11200,32,0
$JT,S,26372,26374,83,11,0,1063,350,-116,2,11300,33,0
$JT,S,26392,26394,84,0,0,1786,0,-48,1,11200,32,0
$JT,S,26412,26414,85,1,0,1438,-300,76,3,11300,31,0
$JT,S,26432,26434,86,2,0,2932,-350,92,1,11400,33,0
$JT,S,26453,26455,87,3,0,2161,100,-64,1,11400,33,0
$JT,S,26473,26475,88,4,0,2503,-300,48,1,11300,30,0
$JT,S,26493,26495,89,5,0,1024,-100,44,1,11400,32,0
$JT,S,26513,26515,90,6,0,2231,-100,116,3,11200,32,0
$JT,S,26533,26535,91,7,0,1387,250,-32,0,11300,30,0
$JT,P,348,12,512
$JT,S,26553,26555,92,8,0,3027,0,24,0,11300,35,0
$JT,S,26573,26575,93,9,0,1853,-200,96,1,11300,33,0
$JT,S,26593,26595,94,10,0,2939,150,-32,1,11200,32,0
$JT,S,26613,26615,95,11,0,1080,-250,116,2,11300,33,0
$JT,S,26632,26634,96,0,0,1826,300,-128,3,11200,32,0
$JT,S,26653,26655,97,1,0,1389,50,-36,1,11300,31,0
$JT,S,26673,26675,98,2,0,2951,300,-124,3,11400,33,0
$JT,S,26693,26695,99,3,0,2216,350,-88,0,11300,33,0
$JT,S,26713,26715,100,4,0,2499,300,-76,3,11300,63,0
$JT,S,26731,26733,101,5,0,1055,200,-108,1,11400,32,0
$JT,S,26751,26753,102,6,0,2171,-250,56,1,11200,32,0
$JT,S,26770,26772,103,7,0,1356,-350,72,5,11300,30,0
$JT,P,360,12,512
$JT,S,26788,26790,104,8,0,2972,-300,116,1,11300,35,0
$JT,S,26810,26812,105,9,0,1804,0,-40,0,11300,33,0
$JT,S,26831,26833,106,10,0,2890,-350,48,2,11200,32,0
$JT,S,26853,26855,107,11,0,1009,-350,116,2,11300,33,0
$JT,S,26873,26875,108,0,0,1863,0,24,0,11200,32,0
$JT,S,26893,26895,109,1,0,1457,300,-48,2,11300,31,0
$JT,S,26912,26914,110,2,0,3011,100,-64,1,11400,33,0
$JT,S,26933,26935,111,3,0,2230,0,84,2,11300,33,0
$JT,S,26953,26955,112,4,0,2571,300,-64,2,11300,30,0
$JT,S,26973,26975,113,5,0,1122,200,-56,0,11400,35,0
$JT,S,26993,26995,114,6,0,2184,150,-84,1,11200,32,0
$JT,S,27013,27015,115,7,0,1284,-300,72,4,11300,30,0
$JT,P,372,12,512
$JT,S,27033,27035,116,8,0,2917,0,-44,1,11300,35,0
$JT,S,27053,27055,117,9,0,1834,200,-108,3,11300,33,0
$JT,S,27073,27075,118,10,0,2820,-250,16,0,11200,32,0
$JT,S,27093,27095,119,11,0,985,50,-92,2,11300,33,0
$JT,S,27112,27114,120,0,0,1823,-200,104,1,11200,32,0
$JT,S,27132,27134,121,1,0,1513,50,32,2,11300,31,0
$JT,S,27152,27154,122,2,0,3014,-200,112,2,11400,33,0
$JT,S,27173,27175,123,3,0,2178,-250,128,3,11300,33,0
$JT,S,27192,27194,124,4,0,2599,-200,40,0,11300,30,0
$JT,S,27212,27214,125,5,0,1083,-250,116,1,11400,32,0
$JT,S,27231,27233,126,6,0,2246,300,-48,0,11200,32,0
$JT,S,27251,27253,127,7,0,1290,300,-48,2,11300,30,0
$JT,P,384,12,512
$JT,S,27269,27271,128,8,0,2977,300,-120,1,11300,35,0
$JT,S,27288,27290,129,9,0,1886,100,-44,1,11300,33,0
$JT,S,27309,27311,130,10,0,2863,300,-60,4,11200,32,0
$JT,S,27331,27333,131,11,0,1051,250,-116,2,11300,33,0
$JT,S,27353,27355,132,0,0,1786,0,0,0,11200,32,0
$JT,S,27372,27374,133,1,0,1450,-300,72,5,11300,31,0
$JT,S,27392,27394,134,2,0,2943,-300,112,3,11400,33,0
$JT,S,27412,27414,135,3,0,2157,0,-52,1,11300,33,0
$JT,S,27432,27434,136,4,0,2528,-250,48,0,11300,30,0
$JT,S,27453,27455,137,5,0,1029,-100,56,1,11400,32,0
$JT,S,27473,27475,138,6,0,2238,-100,112,3,11200,32,0
$JT,S,27493,27495,139,7,0,1363,300,-36,1,11300,30,0
$JT,P,396,12,512
$JT,S,27513,27515,140,8,0,3027,0,-20,0,11300,35,0
$JT,S,27533,27535,141,9,0,1862,-200,84,0,11300,33,0
$JT,S,27553,27555,142,10,0,2935,300,-56,3,11200,32,0
$JT,S,27573,27575,143,11,0,1090,-100,120,3,11300,33,0
$JT,S,27593,27595,144,0,0,1815,250,-132,3,11200,32,0
$JT,S,27613,27615,145,1,0,1388,-150,16,0,11300,31,0
$JT,S,27632,27634,146,2,0,2939,300,-112,2,11400,33,0
$JT,S,27653,27655,147,3,0,2205,300,-104,1,11400,33,0
$JT,S,27673,27675,148,4,0,2488,150,-64,3,11300,30,0
$JT,S,27693,27695,149,5,0,1045,350,-96,0,11400,33,0
$JT,S,27713,27715,150,6,0,2179,-250,108,2,11200,32,0
$JT,S,27731,27733,151,7,0,1355,-300,72,4,11300,30,0
$JT,P,408,12,512
$JT,S,27751,27753,152,8,0,2982,-300,104,1,11300,35,0
$JT,S,27770,27772,153,9,0,1804,-150,-32,1,11300,33,0
$JT,S,27788,27790,154,10,0,2905,-300,36,1,11200,32,0
$JT,S,27810,27812,155,11,0,1023,-300,128,2,11300,33,0
$JT,S,27831,27833,156,0,0,1863,50,-36,1,11200,32,0
$JT,S,27853,27855,157,1,0,1445,300,-48,2,11300,31,0
$JT,S,27873,27875,158,2,0,3006,150,-72,2,11400,33,0
$JT,S,27893,27895,159,3,0,2232,0,64,2,11300,33,0
$JT,S,27912,27914,160,4,0,2558,300,-72,4,11300,30,0
$JT,S,27933,27935,161,5,0,1114,350,-92,1,11400,32,0
$JT,S,27953,27955,162,6,0,2177,150,-64,0,11200,32,0
$JT,S,27973,27975,163,7,0,1283,-250,72,4,11300,30,0
$JT,P,420,12,512
$JT,S,27993,27995,164,8,0,2917,-100,0,0,11300,35,0
$JT,S,28013,28015,165,9,0,1825,150,-104,3,11300,33,0
$JT,S,28033,28035,166,10,0,2832,-300,36,2,11200,32,0
$JT,S,28053,28055,167,11,0,983,0,-24,0,11200,33,0
$JT,S,28073,28075,168,0,0,1833,-150,84,1,11200,32,0
$JT,S,28093,28095,169,1,0,1511,200,-8,0,11300,31,0
$JT,S,28112,28114,170,2,0,3022,-50,96,5,11400,33,0
$JT,S,28132,28134,171,3,0,2190,-300,136,3,11300,33,0
$JT,S,28152,28154,172,4,0,2608,0,36,0,11300,30,0
$JT,S,28172,28174,173,5,0,1095,-300,120,1,11400,32,0
$JT,S,28192,28194,174,6,0,2236,400,-88,1,11200,32,0
$JT,S,28212,28214,175,7,0,1267,300,-36,1,11300,31,0
$JT,P,432,12,512
$JT,S,28231,28233,176,8,0,2965,300,-120,2,11300,35,0
$JT,S,28251,28253,177,9,0,1883,200,-64,1,11300,33,0
$JT,S,28269,28271,178,10,0,2851,300,-60,3,11200,32,0
$JT,S,28288,28290,179,11,0,1038,250,-116,1,11200,33,0
$JT,S,28309,28311,180,0,0,1786,0,0,0,11200,32,0
$JT,S,28331,28333,181,1,0,1462,-300,72,4,11300,31,0
$JT,S,28352,28354,182,2,0,2955,-300,112,2,11400,33,0
$JT,S,28372,28374,183,3,0,2156,0,0,0,11400,33,0
$JT,S,28392,28394,184,4,0,2540,-300,48,1,11300,30,0
$JT,S,28412,28414,185,5,0,1033,-150,52,1,11400,32,0
$JT,S,28432,28434,186,6,0,2243,-150,92,3,11200,32,0
$JT,S,28453,28455,187,7,0,1338,300,-48,2,11300,30,0
$JT,P,444,12,512
$JT,S,28473,28475,188,8,0,3026,150,-44,1,11300,35,0
$JT,S,28493,28495,189,9,0,1870,-200,76,1,11300,33,0
$JT,S,28513,28515,190,10,0,2923,300,-72,4,11200,32,0
$JT,S,28533,28535,191,11,0,1094,50,64,1,11200,33,0
$JT,S,28553,28555,192,0,0,1805,200,-116,3,11200,32,0
$JT,S,28573,28575,193,1,0,1393,-250,48,3,11300,31,0
$JT,S,28593,28595,194,2,0,2928,200,-108,2,11400,33,0
$JT,S,28613,28615,195,3,0,2193,250,-104,1,11300,33,0
$JT,S,28632,28634,196,4,0,2483,-100,-32,1,11300,30,0
$JT,S,28653,28655,197,5,0,1032,250,-100,0,11400,32,0
$JT,S,28673,28675,198,6,0,2190,-300,136,2,11200,32,0
$JT,S,28693,28695,199,7,0,1366,-150,64,4,11300,30,0
$JT,P,456,12,512
$JT,S,28713,28715,200,8,0,2995,-250,120,1,11300,35,0
$JT,S,28731,28733,201,9,0,1809,-300,56,1,11300,33,0
$JT,S,28751,28753,202,10,0,2917,-350,48,1,11200,32,0
$JT,S,28770,28772,203,11,0,1034,-350,120,1,11200,33,0
$JT,S,28788,28790,204,0,0,1860,100,-56,1,11200,32,0
$JT,S,28810,28812,205,1,0,1432,350,-48,3,11300,31,0
$JT,S,28831,28833,206,2,0,2997,300,-96,4,11400,33,0
$JT,S,28853,28855,207,3,0,2232,0,0,0,11300,33,0
$JT,S,28873,28875,208,4,0,2547,300,-76,3,11300,30,0
$JT,S,28893,28895,209,5,0,1102,300,-112,2,11400,32,0
$JT,S,28912,28914,210,6,0,2170,50,-64,1,11200,32,0
$JT,S,28933,28935,211,7,0,1295,-300,72,4,11300,30,0
$JT,P,468,12,512
$JT,S,28953,28955,212,8,0,2923,-300,60,0,11300,35,0
$JT,S,28973,28975,213,9,0,1818,150,-100,2,11300,33,0
$JT,S,28993,28995,214,10,0,2845,-300,60,1,11200,32,0
$JT,S,29013,29015,215,11,0,983,0,20,0,11300,33,0
$JT,S,29033,29035,216,0,0,1841,-200,72,1,11200,32,0
$JT,S,29053,29055,217,1,0,1503,250,-40,2,11300,31,0
$JT,S,29073,29075,218,2,0,3023,0,20,0,11400,33,0
$JT,S,29093,29095,219,3,0,2201,-250,128,3,11400,34,0
$JT,S,29112,29114,220,4,0,2609,150,-4,0,11300,30,0
$JT,S,29132,29134,221,5,0,1106,-300,112,1,11400,32,0
$JT,S,29152,29154,222,6,0,2222,300,-124,2,11200,32,0
$JT,S,29172,29174,223,7,0,1256,100,-32,0,11300,30,0
$JT,P,480,12,512
$JT,S,29192,29194,224,8,0,2953,300,-120,2,11300,35,0
$JT,S,29212,29214,225,9,0,1876,300,-92,1,11300,33,0
$JT,S,29231,29233,226,10,0,2839,350,-76,3,11200,32,0
$JT,S,29251,29253,227,11,0,1027,300,-116,1,11200,33,0
$JT,S,29269,29271,228,0,0,1787,-100,0,0,11200,32,0
$JT,S,29288,29290,229,1,0,1475,-300,72,5,11200,31,0
$JT,S,29309,29311,230,2,0,2968,-350,112,2,11400,33,0
$JT,S,29331,29333,231,3,0,2156,0,56,2,11300,33,0
$JT,S,29352,29354,232,4,0,2551,-300,40,0,11300,30,0
$JT,S,29372,29374,233,5,0,1038,-250,56,1,11400,32,0
$JT,S,29392,29394,234,6,0,2248,-100,76,2,11200,32,0
$JT,S,29412,29414,235,7,0,1326,300,-48,1,11300,30,0
$JT,P,492,12,512
$JT,S,29426,29428,236,8,0,3020,250,-76,1,11300,39,0
$JT,S,29445,29447,237,9,0,1880,-200,76,0,11300,33,0
$JT,S,29465,29467,238,10,0,2909,300,-76,3,11200,32,0
$JT,S,29485,29487,239,11,0,1093,200,-20,0,11200,33,0
$JT,S,29505,29507,240,0,0,1793,50,-40,1,11200,32,0
$JT,S,29525,29527,241,1,0,1405,-300,84,4,11300,31,0
$JT,S,29545,29547,242,2,0,2920,50,-68,4,11400,33,0
$JT,S,29565,29567,243,3,0,2168,0,0,0,11300,33,0
$JT,S,29585,29587,244,4,0,2482,-300,48,1,11300,30,0
$JT,S,29607,29609,245,5,0,1027,0,32,0,11400,32,0
$JT,S,29627,29629,246,6,0,2236,0,56,2,11200,32,0
$JT,S,29647,29649,247,7,0,1396,300,-48,1,11300,30,0
$JT,P,504,8,512
$JT,S,29668,29670,248,8,0,3027,0,-32,1,11300,35,0
$JT,S,29687,29689,249,9,0,1873,50,-112,3,11300,33,0
$JT,S,29707,29709,250,10,0,2978,250,-48,3,11200,32,0
$JT,S,29725,29727,251,11,0,1048,-250,132,2,11200,33,0
$JT,S,29744,29746,252,0,0,1815,300,-140,4,11200,32,0
$JT,S,29764,29766,253,1,0,1348,0,-8,1,11300,31,0
$JT,S,29785,29787,254,2,0,2983,300,-132,6,11400,33,0
$JT,S,29805,29807,255,3,0,2168,0,0,0,11400,33,0
$JT,END
