$JT,M,1,256,256,0,1,20,3400,254
$JT,R,s-native-v6-2-4-v69
$JT,J,0,1,1929,-1
$JT,J,1,2,2077,-1
$JT,J,2,3,1965,1
$JT,J,3,4,2089,1
$JT,J,4,5,1922,1
$JT,J,5,6,2081,-1
$JT,J,6,7,2104,-1
$JT,J,7,8,1942,-1
$JT,J,8,9,1964,1
$JT,J,9,10,1951,1
$JT,J,10,11,2255,1
$JT,J,11,12,2046,-1
$JT,P,0,12,512
$JT,C,0,33571,33572,1929,1554,2989,2089,2445,1057,2104,1419,2988,1951,2778,1022
$JT,C,1,33593,33594,1929,1554,2989,2089,2445,1057,2104,1419,2988,1951,2778,1022
$JT,C,2,33613,33614,1929,1554,2989,2089,2448,1054,2104,1416,2991,1951,2778,1022
$JT,C,3,33633,33634,1929,1554,2989,2090,2451,1046,2104,1413,2998,1951,2778,1022
$JT,C,4,33652,33652,1929,1554,2989,2092,2458,1035,2104,1407,3007,1951,2778,1022
$JT,C,5,33672,33672,1929,1554,2989,2095,2466,1022,2104,1399,3020,1951,2778,1022
$JT,C,6,33693,33694,1929,1554,2989,2099,2476,1006,2104,1391,3034,1951,2778,1022
$JT,C,7,33713,33714,1929,1554,2989,2104,2485,991,2104,1383,3047,1951,2778,1022
$JT,C,8,33733,33734,1929,1554,2989,2111,2494,977,2104,1375,3057,1951,2778,1022
$JT,C,9,33752,33752,1929,1554,2989,2117,2501,966,2104,1371,3064,1951,2778,1022
$JT,C,10,33772,33772,1929,1554,2989,2127,2507,959,2104,1367,3068,1951,2778,1022
$JT,C,11,33792,33792,1929,1554,2989,2137,2511,955,2104,1366,3069,1951,2778,1022
$JT,P,12,12,512
$JT,C,12,33812,33812,1929,1554,2989,2148,2514,950,2104,1365,3069,1951,2778,1022
$JT,C,13,33832,33832,1929,1552,2989,2161,2517,947,2104,1364,3069,1951,2780,1022
$JT,C,14,33852,33852,1929,1550,2989,2173,2519,943,2104,1364,3069,1951,2782,1022
$JT,C,15,33872,33872,1929,1547,2989,2187,2520,939,2104,1365,3069,1951,2785,1022
$JT,C,16,33892,33892,1929,1542,2989,2201,2520,936,2104,1366,3069,1951,2790,1022
$JT,C,17,33913,33914,1929,1535,2989,2214,2519,934,2104,1369,3069,1951,2797,1022
$JT,C,18,33933,33934,1929,1526,2988,2227,2517,932,2104,1372,3069,1951,2806,1023
$JT,C,19,33953,33954,1929,1515,2986,2240,2515,931,2104,1375,3069,1951,2817,1025
$JT,C,20,33973,33974,1929,1500,2983,2252,2510,931,2104,1380,3069,1951,2832,1028
$JT,C,21,33995,33995,1929,1482,2978,2262,2505,933,2104,1386,3067,1951,2850,1033
$JT,C,22,34015,34015,1929,1464,2970,2272,2495,941,2104,1395,3059,1951,2868,1041
$JT,C,23,34035,34035,1929,1443,2958,2279,2483,953,2104,1407,3045,1951,2889,1053
$JT,P,24,12,512
$JT,C,24,34055,34056,1929,1425,2945,2286,2468,971,2104,1421,3029,1951,2907,1066
$JT,C,25,34075,34075,1929,1411,2931,2289,2454,989,2104,1435,3011,1951,2921,1080
$JT,C,26,34093,34094,1929,1401,2918,2293,2444,1002,2104,1445,2997,1951,2931,1093
$JT,C,27,34113,34114,1929,1393,2907,2294,2436,1011,2104,1452,2989,1951,2939,1104
$JT,C,28,34133,34134,1929,1386,2897,2294,2433,1015,2104,1456,2986,1951,2946,1114
$JT,C,29,34151,34152,1929,1380,2888,2294,2431,1015,2104,1457,2986,1951,2952,1123
$JT,C,30,34173,34173,1929,1373,2884,2294,2429,1015,2104,1460,2986,1951,2959,1127
$JT,C,31,34193,34193,1928,1362,2889,2293,2428,1015,2105,1460,2986,1950,2970,1122
$JT,C,32,34213,34213,1926,1352,2904,2290,2428,1015,2107,1460,2987,1949,2980,1107
$JT,C,33,34233,34233,1923,1343,2926,2288,2431,1014,2110,1456,2989,1948,2989,1086
$JT,C,34,34253,34253,1919,1336,2956,2284,2434,1014,2114,1452,2991,1944,2993,1057
$JT,C,35,34275,34275,1914,1337,2986,2279,2440,1013,2119,1445,2995,1941,2993,1028
$JT,P,36,12,512
$JT,C,36,34295,34295,1909,1345,3013,2273,2448,1011,2124,1436,2998,1936,2984,1000
$JT,C,37,34315,34316,1902,1360,3036,2268,2458,1010,2130,1425,3002,1931,2970,979
$JT,C,38,34335,34336,1895,1380,3054,2261,2470,1009,2137,1412,3005,1924,2950,961
$JT,C,39,34355,34355,1889,1402,3069,2255,2484,1009,2143,1396,3007,1916,2929,943
$JT,C,40,34369,34370,1889,1402,3069,2255,2484,1009,2143,1396,3007,1916,2929,943
$JT,C,41,34389,34390,1889,1402,3069,2255,2484,1009,2143,1396,3007,1916,2929,943
$JT,C,42,34409,34410,1889,1402,3069,2255,2484,1009,2143,1396,3007,1916,2929,943
$JT,C,43,34429,34430,1889,1402,3069,2255,2484,1009,2143,1396,3007,1916,2929,943
$JT,C,44,34449,34450,1889,1402,3069,2255,2484,1009,2143,1396,3007,1916,2929,943
$JT,C,45,34469,34470,1889,1402,3069,2255,2484,1009,2143,1396,3007,1916,2929,943
$JT,C,46,34489,34490,1889,1402,3069,2255,2484,1009,2143,1396,3007,1916,2929,943
$JT,C,47,34509,34510,1889,1402,3069,2255,2484,1009,2143,1396,3007,1916,2929,943
$JT,P,48,12,512
$JT,C,48,34529,34530,1889,1402,3069,2255,2484,1009,2143,1396,3007,1916,2929,943
$JT,C,49,34549,34550,1889,1402,3069,2255,2484,1009,2143,1396,3007,1916,2929,943
$JT,C,50,34569,34570,1889,1402,3069,2255,2484,1009,2143,1396,3007,1916,2929,943
$JT,C,51,34589,34590,1889,1402,3069,2255,2484,1009,2143,1396,3007,1916,2929,943
$JT,C,52,34610,34611,1889,1402,3069,2255,2484,1009,2143,1396,3007,1916,2929,943
$JT,C,53,34632,34632,1888,1402,3070,2255,2484,1009,2143,1396,3007,1916,2929,943
$JT,C,54,34652,34652,1888,1402,3070,2255,2484,1009,2143,1396,3007,1916,2929,943
$JT,C,55,34672,34672,1888,1403,3070,2255,2485,1009,2143,1396,3007,1915,2927,943
$JT,C,56,34692,34692,1888,1403,3070,2255,2485,1009,2143,1395,3007,1915,2927,943
$JT,C,57,34712,34713,1888,1405,3070,2254,2485,1009,2143,1395,3007,1915,2926,942
$JT,C,58,34732,34732,1888,1405,3071,2254,2486,1009,2143,1395,3007,1915,2926,942
$JT,C,59,34752,34753,1888,1406,3071,2254,2486,1009,2144,1394,3007,1915,2925,942
$JT,P,60,12,512
$JT,C,60,34772,34773,1888,1406,3071,2254,2487,1010,2144,1392,3007,1913,2925,941
$JT,C,61,34792,34793,1887,1407,3072,2254,2487,1010,2144,1392,3007,1913,2924,941
$JT,C,62,34812,34813,1887,1408,3072,2253,2489,1010,2144,1391,3007,1913,2923,940
$JT,C,63,34832,34833,1887,1409,3073,2253,2490,1010,2145,1390,3007,1912,2922,940
$JT,C,64,34852,34853,1886,1410,3073,2253,2490,1010,2145,1390,3007,1912,2921,939
$JT,C,65,34872,34873,1886,1411,3074,2253,2491,1010,2145,1389,3008,1911,2919,938
$JT,C,66,34892,34893,1886,1413,3075,2252,2492,1010,2145,1388,3008,1911,2918,938
$JT,C,67,34912,34913,1886,1414,3075,2252,2493,1010,2146,1387,3008,1910,2917,937
$JT,C,68,34932,34933,1885,1416,3077,2252,2494,1010,2146,1384,3008,1910,2916,936
$JT,C,69,34952,34953,1885,1417,3077,2251,2495,1010,2146,1383,3008,1909,2914,934
$JT,C,70,34972,34973,1883,1418,3078,2251,2498,1010,2147,1382,3008,1908,2913,934
$JT,C,71,34992,34993,1883,1421,3079,2251,2499,1010,2147,1380,3008,1908,2911,933
$JT,P,72,12,512
$JT,C,72,35012,35013,1883,1423,3080,2249,2500,1011,2148,1379,3008,1907,2909,932
$JT,C,73,35032,35033,1882,1424,3080,2249,2502,1011,2148,1377,3008,1905,2907,931
$JT,C,74,35052,35053,1882,1426,3081,2248,2505,1011,2148,1375,3008,1904,2906,930
$JT,C,75,35072,35073,1881,1428,3082,2248,2506,1011,2150,1373,3008,1903,2904,929
$JT,C,76,35092,35093,1881,1431,3083,2247,2508,1011,2150,1371,3008,1902,2901,928
$JT,C,77,35112,35112,1880,1433,3083,2247,2510,1013,2151,1369,3008,1901,2899,926
$JT,C,78,35132,35133,1880,1435,3085,2247,2513,1013,2151,1366,3007,1900,2898,925
$JT,C,79,35152,35153,1879,1438,3086,2246,2515,1013,2151,1364,3007,1899,2896,924
$JT,C,80,35172,35173,1879,1440,3086,2246,2517,1014,2152,1362,3007,1898,2893,923
$JT,C,81,35192,35193,1878,1442,3087,2245,2519,1014,2152,1358,3007,1896,2890,922
$JT,C,82,35212,35213,1878,1446,3088,2245,2523,1015,2153,1356,3006,1894,2888,922
$JT,C,83,35232,35233,1878,1448,3088,2244,2525,1015,2153,1353,3006,1893,2885,921
$JT,P,84,12,512
$JT,C,84,35252,35253,1877,1450,3089,2244,2528,1016,2154,1350,3006,1892,2883,920
$JT,C,85,35272,35273,1877,1453,3090,2244,2532,1016,2154,1347,3005,1890,2881,918
$JT,C,86,35292,35293,1876,1456,3090,2243,2535,1017,2154,1344,3004,1887,2879,917
$JT,C,87,35312,35313,1876,1459,3091,2243,2539,1018,2155,1340,3004,1886,2875,916
$JT,C,88,35332,35333,1876,1461,3091,2241,2542,1019,2155,1337,3003,1884,2873,915
$JT,C,89,35352,35353,1874,1465,3093,2241,2546,1021,2155,1332,3002,1882,2871,914
$JT,C,90,35372,35373,1874,1468,3093,2241,2550,1022,2155,1329,3001,1879,2867,913
$JT,C,91,35392,35393,1874,1471,3093,2241,2553,1023,2156,1324,2998,1877,2865,912
$JT,C,92,35412,35413,1874,1474,3094,2240,2558,1025,2156,1321,2997,1875,2863,910
$JT,C,93,35432,35433,1873,1477,3094,2240,2563,1026,2156,1316,2996,1872,2859,909
$JT,C,94,35452,35453,1873,1480,3094,2240,2567,1029,2156,1312,2994,1870,2857,908
$JT,C,95,35472,35473,1873,1483,3094,2240,2572,1031,2156,1307,2991,1867,2855,908
$JT,P,96,12,512
$JT,C,96,35494,35494,1873,1486,3094,2240,2576,1033,2156,1303,2989,1865,2851,907
$JT,C,97,35514,35514,1873,1489,3095,2240,2581,1035,2156,1298,2986,1861,2849,906
$JT,C,98,35532,35533,1874,1492,3095,2240,2586,1039,2155,1293,2983,1859,2847,905
$JT,C,99,35554,35554,1874,1496,3094,2241,2591,1041,2155,1289,2980,1855,2843,905
$JT,C,100,35574,35574,1874,1499,3094,2241,2597,1044,2155,1284,2977,1852,2841,904
$JT,C,101,35594,35594,1874,1501,3094,2241,2601,1048,2154,1279,2972,1849,2839,903
$JT,C,102,35614,35614,1876,1505,3094,2243,2607,1051,2154,1274,2968,1845,2836,903
$JT,C,103,35634,35634,1876,1507,3094,2243,2611,1056,2153,1270,2963,1842,2833,901
$JT,C,104,35654,35654,1877,1510,3094,2244,2617,1060,2153,1265,2958,1838,2831,901
$JT,C,105,35674,35674,1878,1514,3093,2244,2623,1065,2152,1260,2953,1835,2828,900
$JT,C,106,35694,35694,1878,1516,3093,2244,2627,1070,2152,1255,2947,1832,2826,900
$JT,C,107,35713,35714,1877,1518,3093,2244,2632,1075,2153,1250,2942,1829,2824,900
$JT,P,108,12,512
$JT,C,108,35733,35734,1876,1522,3093,2243,2638,1081,2153,1246,2937,1828,2820,900
$JT,C,109,35753,35754,1876,1524,3091,2241,2642,1087,2154,1241,2931,1826,2818,901
$JT,C,110,35773,35774,1874,1527,3090,2241,2647,1093,2154,1235,2924,1824,2815,901
$JT,C,111,35793,35794,1873,1530,3089,2240,2651,1099,2155,1231,2919,1822,2813,904
$JT,C,112,35813,35814,1873,1533,3088,2239,2656,1106,2156,1226,2912,1820,2809,905
$JT,C,113,35833,35834,1872,1537,3086,2239,2660,1113,2156,1222,2906,1819,2806,907
$JT,C,114,35853,35854,1871,1540,3083,2238,2665,1120,2157,1218,2899,1818,2802,909
$JT,C,115,35873,35874,1871,1543,3081,2238,2668,1126,2157,1214,2894,1816,2799,912
$JT,C,116,35892,35893,1870,1547,3078,2237,2672,1133,2159,1209,2887,1814,2795,915
$JT,C,117,35914,35914,1870,1550,3074,2237,2675,1140,2159,1206,2881,1813,2791,920
$JT,C,118,35934,35934,1870,1555,3070,2236,2679,1147,2160,1202,2874,1812,2787,923
$JT,C,119,35953,35954,1869,1558,3065,2236,2681,1154,2160,1199,2869,1812,2783,928
$JT,P,120,12,512
$JT,C,120,35974,35974,1869,1563,3061,2236,2684,1161,2161,1197,2862,1811,2780,932
$JT,C,121,35994,35994,1869,1566,3056,2235,2687,1166,2161,1193,2856,1810,2776,937
$JT,C,122,36014,36014,1868,1570,3052,2235,2689,1173,2162,1191,2850,1810,2772,942
$JT,C,123,36034,36034,1868,1574,3046,2235,2690,1178,2162,1189,2846,1809,2768,947
$JT,C,124,36052,36053,1868,1578,3041,2235,2692,1183,2162,1188,2840,1809,2765,951
$JT,C,125,36072,36072,1868,1581,3037,2233,2693,1188,2163,1185,2836,1809,2761,957
$JT,C,126,36092,36092,1868,1584,3032,2233,2695,1192,2163,1184,2832,1808,2758,962
$JT,C,127,36112,36113,1868,1587,3028,2233,2696,1196,2163,1183,2829,1808,2754,965
$JT,C,128,36132,36133,1868,1589,3024,2233,2697,1199,2163,1182,2825,1808,2752,970
$JT,C,129,36152,36152,1868,1591,3021,2233,2697,1201,2163,1182,2823,1808,2750,973
$JT,C,130,36172,36173,1868,1593,3017,2233,2698,1204,2164,1181,2821,1808,2748,975
$JT,C,131,36192,36193,1868,1595,3016,2233,2698,1205,2164,1181,2820,1808,2747,978
$JT,P,132,12,512
$JT,C,132,36212,36213,1868,1596,3014,2233,2698,1206,2164,1181,2818,1808,2745,979
$JT,C,133,36232,36233,1868,1596,3013,2233,2698,1207,2164,1180,2818,1808,2745,980
$JT,C,134,36251,36251,1868,1597,3013,2233,2698,1207,2164,1180,2817,1808,2745,981
$JT,C,135,36272,36273,1868,1597,3013,2233,2698,1207,2164,1180,2817,1808,2745,981
$JT,C,136,36289,36290,1868,1597,3013,2233,2698,1207,2164,1180,2817,1808,2745,981
$JT,C,137,36311,36311,1868,1597,3013,2233,2699,1207,2164,1180,2818,1808,2745,981
$JT,C,138,36332,36333,1868,1597,3013,2233,2699,1206,2164,1180,2818,1808,2745,981
$JT,C,139,36352,36353,1868,1597,3013,2233,2699,1205,2164,1180,2821,1808,2745,981
$JT,C,140,36372,36373,1868,1596,3013,2233,2700,1201,2164,1179,2823,1808,2745,981
$JT,C,141,36392,36393,1866,1596,3013,2233,2701,1197,2164,1176,2829,1808,2745,981
$JT,C,142,36412,36413,1864,1595,3014,2231,2704,1191,2167,1174,2834,1810,2747,981
$JT,C,143,36432,36433,1863,1593,3014,2230,2706,1184,2169,1172,2844,1811,2747,981
$JT,P,144,12,512
$JT,C,144,36453,36454,1862,1592,3015,2229,2708,1175,2170,1169,2853,1813,2748,981
$JT,C,145,36473,36474,1860,1591,3016,2228,2710,1164,2172,1166,2864,1814,2749,981
$JT,C,146,36493,36494,1858,1590,3016,2227,2712,1153,2173,1164,2876,1816,2750,981
$JT,C,147,36514,36514,1857,1588,3017,2226,2714,1139,2176,1161,2890,1817,2751,981
$JT,C,148,36533,36534,1856,1585,3017,2224,2716,1124,2177,1160,2905,1819,2753,980
$JT,C,149,36553,36554,1855,1583,3019,2223,2716,1109,2179,1159,2921,1820,2756,980
$JT,C,150,36574,36574,1854,1581,3020,2223,2716,1095,2180,1158,2937,1821,2758,980
$JT,C,151,36593,36594,1853,1578,3020,2222,2715,1079,2181,1159,2953,1822,2760,980
$JT,C,152,36613,36614,1850,1575,3021,2221,2713,1064,2184,1161,2969,1824,2764,980
$JT,C,153,36633,36634,1849,1571,3022,2219,2709,1049,2186,1164,2983,1826,2766,980
$JT,C,154,36653,36654,1848,1567,3022,2218,2704,1034,2187,1168,2999,1827,2770,979
$JT,C,155,36673,36674,1846,1563,3023,2216,2697,1022,2189,1175,3013,1828,2774,979
$JT,P,156,12,512
$JT,C,156,36694,36694,1845,1558,3024,2214,2689,1009,2190,1182,3026,1830,2778,979
$JT,C,157,36714,36714,1843,1554,3025,2213,2680,999,2193,1190,3038,1832,2783,979
$JT,C,158,36734,36734,1841,1548,3025,2211,2670,989,2195,1200,3048,1834,2787,979
$JT,C,159,36754,36754,1839,1542,3027,2210,2658,981,2197,1210,3059,1836,2793,979
$JT,C,160,36774,36774,1838,1535,3027,2207,2646,973,2198,1222,3068,1837,2799,980
$JT,C,161,36794,36794,1836,1529,3028,2205,2634,966,2201,1233,3076,1839,2806,980
$JT,C,162,36814,36814,1833,1522,3028,2203,2622,959,2203,1245,3082,1842,2813,980
$JT,C,163,36834,36834,1831,1514,3028,2201,2609,955,2206,1256,3088,1844,2819,981
$JT,C,164,36854,36854,1829,1505,3028,2198,2597,950,2209,1267,3094,1846,2827,982
$JT,C,165,36874,36874,1827,1496,3027,2196,2585,947,2212,1279,3098,1850,2836,984
$JT,C,166,36894,36894,1823,1485,3027,2193,2573,944,2216,1290,3102,1853,2846,987
$JT,C,167,36914,36914,1820,1474,3024,2189,2561,943,2219,1301,3105,1857,2856,990
$JT,P,168,12,512
$JT,C,168,36934,36934,1816,1463,3022,2186,2550,942,2222,1311,3107,1860,2866,994
$JT,C,169,36954,36954,1813,1451,3020,2181,2540,942,2227,1321,3110,1863,2877,998
$JT,C,170,36974,36974,1810,1439,3015,2177,2530,942,2231,1330,3111,1868,2888,1004
$JT,C,171,36994,36994,1805,1426,3011,2173,2520,943,2236,1338,3112,1872,2899,1012
$JT,C,172,37014,37014,1800,1413,3004,2169,2511,944,2241,1346,3113,1877,2910,1020
$JT,C,173,37034,37034,1796,1400,2997,2163,2502,945,2245,1354,3113,1882,2922,1030
$JT,C,174,37055,37056,1791,1388,2988,2158,2494,947,2250,1361,3113,1886,2932,1041
$JT,C,175,37074,37074,1787,1375,2978,2154,2487,949,2254,1366,3114,1891,2942,1054
$JT,C,176,37093,37094,1787,1364,2966,2154,2481,949,2255,1373,3113,1891,2952,1066
$JT,C,177,37113,37114,1787,1353,2954,2154,2475,951,2254,1380,3111,1891,2963,1080
$JT,C,178,37133,37134,1787,1344,2940,2154,2468,955,2254,1387,3107,1891,2972,1094
$JT,C,179,37153,37154,1787,1335,2926,2154,2461,959,2254,1394,3103,1891,2981,1107
$JT,P,180,12,512
$JT,C,180,37173,37174,1786,1328,2913,2154,2453,966,2253,1400,3096,1891,2988,1120
$JT,C,181,37193,37194,1786,1322,2900,2153,2447,974,2253,1408,3089,1891,2995,1132
$JT,C,182,37213,37214,1786,1316,2887,2153,2439,983,2252,1416,3080,1891,3001,1145
$JT,C,183,37233,37234,1786,1311,2875,2153,2431,992,2251,1423,3071,1891,3006,1156
$JT,C,184,37253,37254,1786,1308,2865,2152,2424,1001,2251,1431,3061,1891,3009,1166
$JT,C,185,37273,37274,1786,1306,2857,2152,2418,1010,2250,1437,3052,1891,3012,1174
$JT,C,186,37293,37294,1786,1303,2850,2152,2412,1018,2248,1443,3045,1891,3014,1181
$JT,C,187,37312,37312,1785,1302,2845,2152,2408,1024,2248,1447,3038,1891,3015,1186
$JT,C,188,37332,37332,1785,1301,2841,2152,2404,1030,2247,1449,3034,1891,3016,1189
$JT,C,189,37352,37352,1785,1301,2840,2150,2403,1032,2247,1452,3030,1891,3016,1192
$JT,C,190,37372,37372,1785,1301,2839,2150,2402,1033,2247,1452,3029,1891,3017,1193
$JT,C,191,37390,37391,1785,1301,2839,2150,2402,1033,2247,1452,3029,1891,3017,1193
$JT,P,192,12,512
$JT,C,192,37410,37411,1785,1300,2839,2150,2402,1033,2247,1452,3029,1891,3017,1192
$JT,C,193,37432,37432,1785,1300,2841,2150,2402,1033,2247,1452,3029,1891,3017,1189
$JT,C,194,37452,37452,1785,1298,2847,2150,2403,1033,2247,1452,3029,1891,3020,1185
$JT,C,195,37472,37472,1787,1295,2855,2153,2404,1032,2245,1450,3029,1888,3023,1176
$JT,C,196,37493,37494,1788,1292,2867,2155,2406,1031,2243,1449,3029,1886,3026,1162
$JT,C,197,37513,37514,1790,1289,2883,2157,2408,1031,2241,1448,3029,1883,3031,1144
$JT,C,198,37534,37534,1791,1285,2904,2160,2410,1030,2238,1446,3029,1880,3034,1124
$JT,C,199,37553,37554,1792,1283,2925,2162,2414,1029,2237,1444,3030,1878,3038,1102
$JT,C,200,37573,37574,1795,1283,2948,2164,2417,1027,2235,1440,3030,1876,3039,1078
$JT,C,201,37593,37594,1796,1284,2971,2165,2421,1026,2233,1436,3030,1874,3038,1054
$JT,C,202,37613,37614,1798,1289,2994,2168,2427,1025,2230,1431,3030,1870,3033,1030
$JT,C,203,37635,37635,1800,1296,3014,2170,2433,1024,2228,1427,3031,1868,3028,1008
$JT,P,204,12,512
$JT,C,204,37655,37655,1803,1307,3033,2172,2439,1023,2226,1421,3031,1866,3017,988
$JT,C,205,37675,37676,1805,1320,3048,2174,2447,1022,2223,1414,3031,1862,3006,971
$JT,C,206,37695,37696,1807,1335,3061,2177,2453,1021,2221,1407,3031,1860,2992,957
$JT,C,207,37715,37716,1810,1350,3072,2179,2461,1019,2219,1399,3031,1857,2977,945
$JT,C,208,37735,37736,1812,1366,3081,2182,2470,1018,2216,1391,3030,1854,2964,934
$JT,C,209,37754,37754,1815,1381,3088,2185,2480,1018,2213,1382,3029,1851,2949,926
$JT,C,210,37774,37774,1817,1395,3094,2187,2490,1018,2210,1373,3028,1849,2935,918
$JT,C,211,37794,37794,1821,1410,3098,2190,2500,1019,2208,1363,3027,1845,2922,914
$JT,C,212,37814,37814,1824,1424,3101,2194,2511,1019,2203,1353,3024,1842,2909,909
$JT,C,213,37834,37834,1828,1436,3103,2197,2524,1022,2200,1342,3021,1837,2897,906
$JT,C,214,37854,37854,1832,1448,3104,2201,2535,1024,2196,1331,3016,1834,2886,903
$JT,C,215,37874,37874,1836,1459,3104,2204,2548,1026,2192,1321,3012,1829,2876,901
$JT,P,216,12,512
$JT,C,216,37894,37894,1840,1469,3104,2208,2560,1031,2188,1309,3006,1825,2868,899
$JT,C,217,37914,37914,1845,1479,3103,2212,2573,1035,2184,1298,2999,1820,2859,898
$JT,C,218,37934,37934,1849,1488,3103,2216,2585,1041,2179,1288,2991,1816,2851,897
$JT,C,219,37954,37954,1854,1496,3102,2221,2598,1049,2175,1276,2981,1811,2844,897
$JT,C,220,37974,37974,1858,1504,3099,2226,2610,1057,2170,1266,2970,1807,2838,897
$JT,C,221,37994,37994,1863,1510,3098,2230,2622,1067,2165,1256,2957,1802,2831,896
$JT,C,222,38014,38014,1864,1517,3097,2231,2633,1079,2164,1246,2945,1800,2825,897
$JT,C,223,38034,38034,1864,1523,3095,2231,2643,1090,2164,1235,2932,1801,2818,898
$JT,C,224,38053,38054,1864,1530,3093,2231,2654,1104,2164,1226,2919,1801,2813,901
$JT,C,225,38073,38074,1864,1537,3088,2231,2662,1116,2164,1218,2906,1801,2805,906
$JT,C,226,38093,38094,1864,1543,3081,2231,2670,1130,2164,1210,2892,1802,2798,912
$JT,C,227,38114,38114,1865,1551,3074,2232,2676,1143,2164,1204,2880,1802,2791,920
$JT,P,228,12,512
$JT,C,228,38134,38134,1865,1559,3065,2232,2682,1156,2164,1198,2867,1803,2783,928
$JT,C,229,38153,38154,1865,1566,3056,2232,2687,1167,2164,1192,2856,1804,2775,937
$JT,C,230,38173,38174,1865,1573,3047,2232,2690,1179,2164,1189,2846,1804,2768,947
$JT,C,231,38193,38194,1866,1580,3038,2232,2693,1187,2164,1185,2838,1805,2761,955
$JT,C,232,38213,38214,1866,1585,3030,2232,2696,1195,2164,1183,2830,1807,2756,964
$JT,C,233,38232,38232,1866,1590,3023,2233,2697,1200,2164,1182,2825,1807,2751,971
$JT,C,234,38252,38253,1866,1593,3019,2233,2698,1204,2164,1181,2821,1807,2748,975
$JT,C,235,38272,38273,1868,1596,3015,2233,2698,1206,2164,1181,2818,1808,2747,979
$JT,C,236,38292,38293,1868,1597,3013,2233,2698,1207,2164,1180,2818,1808,2745,980
$JT,C,237,38311,38311,1868,1597,3013,2233,2698,1207,2164,1180,2817,1808,2745,981
$JT,C,238,38331,38331,1868,1597,3013,2233,2698,1207,2164,1180,2817,1808,2745,981
$JT,C,239,38352,38353,1868,1597,3013,2233,2699,1206,2164,1180,2820,1808,2745,981
$JT,P,240,12,512
$JT,C,240,38372,38373,1868,1596,3013,2233,2700,1203,2164,1179,2823,1808,2745,981
$JT,C,241,38392,38393,1865,1596,3013,2232,2703,1195,2165,1176,2831,1809,2745,981
$JT,C,242,38413,38414,1863,1593,3014,2230,2706,1184,2169,1172,2842,1811,2747,981
$JT,C,243,38433,38434,1861,1592,3015,2228,2709,1170,2171,1168,2858,1814,2748,981
$JT,C,244,38453,38454,1858,1590,3016,2227,2713,1151,2173,1164,2878,1816,2750,981
$JT,C,245,38474,38474,1856,1587,3017,2226,2715,1131,2177,1160,2898,1818,2752,981
$JT,C,246,38494,38494,1855,1583,3019,2223,2716,1108,2179,1159,2922,1820,2756,980
$JT,C,247,38513,38514,1853,1580,3020,2222,2716,1085,2181,1159,2945,1822,2759,980
$JT,C,248,38533,38534,1850,1574,3021,2221,2713,1063,2184,1161,2969,1824,2764,980
$JT,C,249,38553,38554,1848,1570,3022,2219,2707,1041,2186,1166,2991,1826,2768,980
$JT,C,250,38573,38574,1846,1564,3023,2216,2698,1023,2189,1174,3012,1828,2774,979
$JT,C,251,38594,38594,1844,1557,3024,2214,2687,1006,2192,1184,3030,1830,2780,979
$JT,P,252,12,512
$JT,C,252,38615,38616,1841,1550,3025,2212,2673,993,2194,1197,3045,1833,2785,979
$JT,C,253,38635,38636,1840,1542,3027,2210,2659,981,2196,1209,3057,1836,2792,979
$JT,C,254,38655,38656,1837,1534,3027,2207,2644,972,2200,1223,3069,1838,2800,980
$JT,C,255,38675,38676,1835,1526,3028,2204,2629,963,2202,1238,3078,1841,2808,980
$JT,S,33572,33574,0,0,0,1923,0,-56,1,11100,32,0
$JT,S,33594,33596,1,1,0,1556,0,16,0,11200,31,0
$JT,S,33614,33616,2,2,0,2991,0,24,1,11300,33,0
$JT,S,33634,33636,3,3,0,2094,0,48,2,11200,34,0
$JT,S,33652,33654,4,4,0,2445,50,-52,2,11200,30,0
$JT,S,33672,33674,5,5,0,1053,0,76,2,11300,32,0
$JT,S,33694,33696,6,6,0,2108,0,40,1,11200,32,0
$JT,S,33714,33716,7,7,0,1402,-350,88,4,11200,30,0
$JT,P,264,12,512
$JT,S,33734,33736,8,8,0,3005,300,-176,4,11100,34,0
$JT,S,33752,33754,9,9,0,1946,0,-48,1,11200,33,0
$JT,S,33772,33775,10,10,0,2777,0,-8,0,11100,31,0
$JT,S,33792,33794,11,11,0,1026,0,40,1,11100,33,0
$JT,S,33812,33814,12,0,0,1923,0,-56,1,11100,32,0
$JT,S,33832,33834,13,1,0,1556,0,16,0,11200,31,0
$JT,S,33852,33854,14,2,0,2991,0,24,1,11300,33,0
$JT,S,33872,33874,15,3,0,2132,400,-168,2,11200,34,0
$JT,S,33892,33894,16,4,0,2517,100,-24,0,11200,30,0
$JT,S,33914,33916,17,5,0,955,-350,132,3,11300,32,0
$JT,S,33934,33936,18,6,0,2108,0,40,1,11200,32,0
$JT,S,33954,33956,19,7,0,1369,100,-24,1,11200,30,0
$JT,P,276,12,512
$JT,S,33974,33976,20,8,0,3065,0,-40,1,11200,35,0
$JT,S,33995,33997,21,9,0,1946,0,-48,1,11200,33,0
$JT,S,34015,34017,22,10,0,2823,550,-152,10,11100,32,0
$JT,S,34035,34038,23,11,0,1027,50,-76,2,11100,33,0
$JT,S,34056,34058,24,0,0,1923,0,-56,1,11000,32,0
$JT,S,34075,34077,25,1,0,1461,-850,200,15,11200,31,0
$JT,S,34094,34096,26,2,0,2969,-300,156,9,11200,33,0
$JT,S,34114,34116,27,3,0,2262,500,-152,1,11200,41,0
$JT,S,34134,34136,28,4,0,2449,-650,104,3,11200,30,0
$JT,S,34152,34154,29,5,0,962,450,-216,3,11200,32,0
$JT,S,34173,34175,30,6,0,2108,0,40,0,11200,32,0
$JT,S,34193,34195,31,7,0,1458,150,-16,1,11200,30,0
$JT,P,288,12,512
$JT,S,34213,34215,32,8,0,3004,-500,116,0,11200,34,0
$JT,S,34233,34235,33,9,0,1946,0,-20,0,11200,33,0
$JT,S,34253,34255,34,10,0,2973,450,-112,6,11100,31,0
$JT,S,34275,34277,35,11,0,1119,250,-60,0,11100,33,0
$JT,S,34295,34297,36,0,0,1923,0,76,2,11100,32,0
$JT,S,34316,34318,37,1,0,1338,-150,-44,1,11200,31,0
$JT,S,34336,34338,38,2,0,2888,0,-108,4,11200,33,0
$JT,S,34356,34358,39,3,0,2279,-200,112,2,11200,34,0
$JT,S,34370,34372,40,4,0,2460,500,-128,8,11200,30,0
$JT,S,34390,34392,41,5,0,1011,0,24,0,11200,32,0
$JT,S,34410,34412,42,6,0,2133,300,-76,0,11200,32,0
$JT,S,34430,34432,43,7,0,1397,-200,8,0,11200,30,0
$JT,P,300,12,512
$JT,S,34450,34452,44,8,0,3004,50,-28,0,11200,35,0
$JT,S,34470,34472,45,9,0,1917,-50,-28,1,11200,33,0
$JT,S,34490,34492,46,10,0,2927,0,-16,0,11100,31,0
$JT,S,34510,34512,47,11,0,1024,-850,272,3,11100,33,0
$JT,S,34530,34532,48,0,0,1890,0,0,0,11100,32,0
$JT,S,34550,34552,49,1,0,1404,0,16,0,11200,31,0
$JT,S,34570,34572,50,2,0,3031,650,-192,9,11300,33,0
$JT,S,34590,34592,51,3,0,2257,0,24,1,11200,34,0
$JT,S,34611,34613,52,4,0,2483,0,-8,0,11200,30,0
$JT,S,34633,34635,53,5,0,1011,0,24,1,11300,32,0
$JT,S,34653,34655,54,6,0,2142,0,0,0,11200,32,0
$JT,S,34673,34675,55,7,0,1397,0,8,0,11200,30,0
$JT,P,312,12,512
$JT,S,34693,34695,56,8,0,3004,0,-32,1,11200,35,0
$JT,S,34713,34715,57,9,0,1917,0,24,0,11200,33,0
$JT,S,34733,34735,58,10,0,2926,0,0,0,11100,31,0
$JT,S,34753,34755,59,11,0,948,0,56,2,11100,33,0
$JT,S,34773,34775,60,0,0,1890,0,24,0,11100,32,0
$JT,S,34793,34795,61,1,0,1406,0,0,0,11200,31,0
$JT,S,34813,34815,62,2,0,3067,0,-52,2,11300,33,0
$JT,S,34833,34835,63,3,0,2257,0,44,1,11200,34,0
$JT,S,34853,34855,64,4,0,2486,50,-32,1,11200,30,0
$JT,S,34873,34875,65,5,0,1012,0,24,0,11300,32,0
$JT,S,34893,34895,66,6,0,2142,0,-32,0,11200,32,0
$JT,S,34913,34915,67,7,0,1391,-50,36,1,11200,30,0
$JT,P,324,12,512
$JT,S,34933,34935,68,8,0,3005,50,-28,0,11200,35,0
$JT,S,34953,34955,69,9,0,1911,-50,24,0,11200,33,0
$JT,S,34973,34975,70,10,0,2914,-50,12,0,11100,31,0
$JT,S,34993,34995,71,11,0,940,-50,60,1,11100,33,0
$JT,S,35013,35015,72,0,0,1885,-50,20,0,11100,32,0
$JT,S,35033,35035,73,1,0,1421,50,-16,1,11200,31,0
$JT,S,35053,35055,74,2,0,3076,50,-36,2,11300,33,0
$JT,S,35073,35075,75,3,0,2255,0,68,2,11300,34,0
$JT,S,35093,35095,76,4,0,2502,100,-32,1,11200,30,0
$JT,S,35113,35115,77,5,0,1012,0,0,0,11300,32,0
$JT,S,35133,35135,78,6,0,2147,0,-40,1,11200,32,0
$JT,S,35153,35155,79,7,0,1371,-150,52,2,11200,30,0
$JT,P,336,12,512
$JT,S,35173,35175,80,8,0,3005,0,-24,0,11200,34,0
$JT,S,35193,35195,81,9,0,1900,-50,32,0,11200,33,0
$JT,S,35213,35215,82,10,0,2892,-150,28,0,11100,31,0
$JT,S,35233,35235,83,11,0,926,-50,40,1,11100,33,0
$JT,S,35253,35255,84,0,0,1880,0,32,0,11100,32,0
$JT,S,35273,35275,85,1,0,1449,200,-8,0,11200,31,0
$JT,S,35293,35295,86,2,0,3085,100,-48,1,11300,33,0
$JT,S,35313,35315,87,3,0,2250,0,68,2,11200,34,0
$JT,S,35333,35335,88,4,0,2533,200,-48,3,11200,30,0
$JT,S,35353,35355,89,5,0,1013,50,-56,2,11300,32,0
$JT,S,35373,35375,90,6,0,2153,100,0,0,11200,32,0
$JT,S,35393,35395,91,7,0,1334,-150,52,2,11200,30,0
$JT,P,348,12,512
$JT,S,35413,35415,92,8,0,3004,0,60,1,11200,35,0
$JT,S,35433,35435,93,9,0,1879,-100,44,1,11200,33,0
$JT,S,35453,35455,94,10,0,2861,-150,24,0,11100,32,0
$JT,S,35473,35475,95,11,0,913,-100,44,1,11100,33,0
$JT,S,35494,35496,96,0,0,1874,-100,-24,0,11100,32,0
$JT,S,35514,35516,97,1,0,1484,150,-12,1,11200,31,0
$JT,S,35533,35535,98,2,0,3090,0,-52,1,11300,33,0
$JT,S,35554,35556,99,3,0,2244,0,40,0,11300,34,0
$JT,S,35574,35576,100,4,0,2584,300,-56,2,11200,30,0
$JT,S,35594,35596,101,5,0,1036,100,-52,1,11300,32,0
$JT,S,35614,35616,102,6,0,2155,0,0,0,11200,32,0
$JT,S,35634,35636,103,7,0,1281,-250,52,4,11200,30,0
$JT,P,360,12,512
$JT,S,35654,35656,104,8,0,2975,-150,84,1,11200,35,0
$JT,S,35674,35676,105,9,0,1847,-150,76,0,11200,33,0
$JT,S,35694,35696,106,10,0,2830,-100,16,0,11100,31,0
$JT,S,35714,35716,107,11,0,907,0,64,2,11100,33,0
$JT,S,35734,35736,108,0,0,1874,0,-20,0,11100,32,0
$JT,S,35754,35756,109,1,0,1519,150,-28,0,11200,31,0
$JT,S,35774,35776,110,2,0,3091,0,20,0,11300,33,0
$JT,S,35794,35796,111,3,0,2244,0,44,1,11200,34,0
$JT,S,35814,35816,112,4,0,2644,200,-56,3,11200,30,0
$JT,S,35834,35836,113,5,0,1085,250,-116,1,11200,32,0
$JT,S,35854,35856,114,6,0,2155,0,0,0,11200,32,0
$JT,S,35874,35876,115,7,0,1224,-250,56,4,11200,30,0
$JT,P,372,12,512
$JT,S,35893,35895,116,8,0,2912,-400,96,2,11200,34,0
$JT,S,35914,35916,117,9,0,1818,-100,44,1,11200,33,0
$JT,S,35934,35936,118,10,0,2794,-200,36,0,11100,31,0
$JT,S,35954,35956,119,11,0,904,0,-152,4,11100,33,0
$JT,S,35974,35976,120,0,0,1871,-50,24,0,11100,32,0
$JT,S,35994,35996,121,1,0,1558,200,-32,1,11200,31,0
$JT,S,36014,36016,122,2,0,3069,-200,92,3,11300,33,0
$JT,S,36034,36036,123,3,0,2239,0,40,0,11200,34,0
$JT,S,36053,36055,124,4,0,2686,150,-32,1,11200,30,0
$JT,S,36073,36075,125,5,0,1162,300,-120,1,11300,32,0
$JT,S,36093,36095,126,6,0,2160,50,-36,0,11200,32,0
$JT,S,36113,36115,127,7,0,1188,-100,40,3,11200,30,0
$JT,P,384,12,512
$JT,S,36133,36135,128,8,0,2842,-250,92,1,11200,34,0
$JT,S,36153,36155,129,9,0,1811,0,32,0,11200,33,0
$JT,S,36173,36175,130,10,0,2751,-150,16,0,11200,31,0
$JT,S,36193,36195,131,11,0,964,200,-76,1,11100,33,0
$JT,S,36213,36215,132,0,0,1870,0,24,0,11100,32,0
$JT,S,36233,36235,133,1,0,1596,100,0,0,11200,31,0
$JT,S,36251,36253,134,2,0,3018,-200,40,0,11300,33,0
$JT,S,36273,36275,135,3,0,2238,0,48,1,11200,34,0
$JT,S,36290,36292,136,4,0,2696,50,-16,0,11200,30,0
$JT,S,36311,36313,137,5,0,1204,50,-32,1,11200,32,0
$JT,S,36333,36335,138,6,0,2163,0,0,0,11200,32,0
$JT,S,36353,36355,139,7,0,1183,0,24,0,11200,30,0
$JT,P,396,12,512
$JT,S,36373,36375,140,8,0,2818,0,-24,0,11200,34,0
$JT,S,36393,36395,141,9,0,1811,0,32,1,11200,33,0
$JT,S,36413,36415,142,10,0,2744,0,-8,0,11200,31,0
$JT,S,36433,36435,143,11,0,979,0,-24,0,11100,33,0
$JT,S,36454,36456,144,0,0,1866,-50,44,0,11100,32,0
$JT,S,36474,36476,145,1,0,1595,-100,36,1,11200,31,0
$JT,S,36494,36496,146,2,0,3015,0,0,0,11300,33,0
$JT,S,36514,36516,147,3,0,2233,-100,52,1,11200,34,0
$JT,S,36534,36536,148,4,0,2709,100,-40,2,11200,30,0
$JT,S,36554,36556,149,5,0,1171,-400,192,3,11200,32,0
$JT,S,36574,36576,150,6,0,2174,100,-40,0,11200,32,0
$JT,S,36594,36596,151,7,0,1161,-50,24,1,11200,30,0
$JT,P,408,12,512
$JT,S,36614,36616,152,8,0,2889,550,-220,4,11200,34,0
$JT,S,36634,36636,153,9,0,1817,100,-52,1,11200,33,0
$JT,S,36654,36656,154,10,0,2762,150,-32,0,11100,31,0
$JT,S,36674,36676,155,11,0,979,0,0,0,11100,33,0
$JT,S,36694,36696,156,0,0,1849,-100,28,0,11100,32,0
$JT,S,36714,36716,157,1,0,1564,-250,56,4,11200,31,0
$JT,S,36734,36736,158,2,0,3019,100,-56,1,11300,33,0
$JT,S,36754,36756,159,3,0,2217,-150,52,1,11200,34,0
$JT,S,36774,36776,160,4,0,2671,-450,88,2,11200,30,0
$JT,S,36794,36796,161,5,0,1023,-800,176,1,11200,32,0
$JT,S,36814,36816,162,6,0,2195,50,-44,0,11100,32,0
$JT,S,36834,36836,163,7,0,1229,550,-92,4,11200,30,0
$JT,P,420,12,512
$JT,S,36854,36856,164,8,0,3044,600,-188,3,11100,34,0
$JT,S,36874,36876,165,9,0,1837,100,-72,2,11200,33,0
$JT,S,36894,36896,166,10,0,2823,300,-84,6,11100,35,0
$JT,S,36914,36916,167,11,0,980,0,-64,1,11100,33,0
$JT,S,36934,36936,168,0,0,1827,-150,56,0,11100,32,0
$JT,S,36954,36956,169,1,0,1480,-500,120,7,11200,31,0
$JT,S,36974,36976,170,2,0,3025,0,56,1,11300,33,0
$JT,S,36994,36996,171,3,0,2190,-200,100,3,11200,34,0
$JT,S,37014,37016,172,4,0,2532,-550,88,2,11200,30,0
$JT,S,37034,37036,173,5,0,947,0,28,0,11200,32,0
$JT,S,37056,37058,174,6,0,2232,250,-80,1,11200,32,0
$JT,S,37074,37076,175,7,0,1352,350,-64,1,11200,30,0
$JT,P,432,12,512
$JT,S,37094,37096,176,8,0,3109,50,-40,2,11100,34,0
$JT,S,37114,37116,177,9,0,1879,200,-96,3,11200,33,0
$JT,S,37134,37136,178,10,0,2946,550,-120,8,11100,31,0
$JT,S,37154,37156,179,11,0,1043,400,-192,3,11100,33,0
$JT,S,37174,37176,180,0,0,1789,-50,28,0,11000,32,0
$JT,S,37194,37196,181,1,0,1339,-500,84,5,11200,31,0
$JT,S,37214,37216,182,2,0,2953,-500,204,13,11200,33,0
$JT,S,37234,37236,183,3,0,2158,0,48,1,11200,34,0
$JT,S,37254,37256,184,4,0,2440,-300,68,4,11200,30,0
$JT,S,37274,37276,185,5,0,972,300,-140,1,11300,32,0
$JT,S,37294,37296,186,6,0,2252,0,36,0,11200,32,0
$JT,S,37312,37314,187,7,0,1435,350,-52,2,11200,30,0
$JT,P,444,12,512
$JT,S,37332,37334,188,8,0,3066,-400,140,1,11100,34,0
$JT,S,37353,37355,189,9,0,1886,0,-48,1,11200,33,0
$JT,S,37372,37374,190,10,0,3013,50,-24,1,11200,31,0
$JT,S,37391,37393,191,11,0,1171,450,-124,0,11100,33,0
$JT,S,37411,37413,192,0,0,1787,0,24,0,11100,32,0
$JT,S,37432,37434,193,1,0,1303,0,24,2,11200,31,0
$JT,S,37452,37454,194,2,0,2843,-250,0,0,11300,33,0
$JT,S,37472,37474,195,3,0,2156,0,56,1,11300,34,0
$JT,S,37494,37496,196,4,0,2401,0,-24,1,11200,30,0
$JT,S,37514,37516,197,5,0,1030,0,20,0,11200,32,0
$JT,S,37534,37536,198,6,0,2249,0,76,2,11200,32,0
$JT,S,37554,37556,199,7,0,1449,-100,32,2,11200,30,0
$JT,P,456,12,512
$JT,S,37574,37576,200,8,0,3031,0,0,0,11200,34,0
$JT,S,37594,37596,201,9,0,1881,-150,44,0,11200,33,0
$JT,S,37614,37616,202,10,0,3036,150,-8,0,11100,32,0
$JT,S,37635,37637,203,11,0,1130,-650,276,7,11100,33,0
$JT,S,37656,37658,204,0,0,1791,100,-72,1,11100,33,0
$JT,S,37676,37678,205,1,0,1295,150,-68,4,11100,31,0
$JT,S,37696,37698,206,2,0,2947,800,-288,19,11200,33,0
$JT,S,37716,37718,207,3,0,2170,100,-48,0,11200,34,0
$JT,S,37736,37738,208,4,0,2450,400,-84,3,11200,30,0
$JT,S,37754,37756,209,5,0,1024,-100,56,1,11200,32,0
$JT,S,37774,37776,210,6,0,2225,-150,100,3,11100,32,0
$JT,S,37794,37796,211,7,0,1385,-450,92,6,11200,30,0
$JT,P,468,12,512
$JT,S,37814,37816,212,8,0,3031,0,52,1,11100,34,0
$JT,S,37834,37836,213,9,0,1850,-100,72,1,11200,33,0
$JT,S,37854,37856,214,10,0,2914,-650,112,3,11100,31,0
$JT,S,37874,37876,215,11,0,943,-600,192,2,11100,33,0
$JT,S,37894,37896,216,0,0,1822,200,-92,3,11100,32,0
$JT,S,37914,37916,217,1,0,1454,600,-108,3,11200,31,0
$JT,S,37934,37936,218,2,0,3094,350,-64,0,11300,33,0
$JT,S,37954,37956,219,3,0,2205,200,-76,1,11200,34,0
$JT,S,37974,37976,220,4,0,2578,650,-124,7,11200,30,0
$JT,S,37994,37996,221,5,0,1036,200,-112,2,11200,32,0
$JT,S,38014,38016,222,6,0,2182,-250,116,2,11200,32,0
$JT,S,38034,38036,223,7,0,1261,-550,108,9,11200,30,0
$JT,P,480,12,512
$JT,S,38054,38056,224,8,0,2975,-450,168,4,11100,34,0
$JT,S,38074,38076,225,9,0,1803,-150,-24,1,11200,33,0
$JT,S,38094,38096,226,10,0,2813,-350,48,2,11100,31,0
$JT,S,38114,38116,227,11,0,902,50,-56,1,11100,33,0
$JT,S,38134,38136,228,0,0,1859,50,-56,1,11100,32,0
$JT,S,38154,38156,229,1,0,1550,350,-60,3,11200,31,0
$JT,S,38174,38176,230,2,0,3080,-250,120,3,11200,33,0
$JT,S,38194,38196,231,3,0,2230,50,-20,0,11200,34,0
$JT,S,38214,38216,232,4,0,2687,200,-48,2,11200,30,0
$JT,S,38233,38235,233,5,0,1146,600,-200,2,11200,32,0
$JT,S,38253,38255,234,6,0,2169,0,48,1,11200,32,0
$JT,S,38273,38275,235,7,0,1184,-100,24,1,11200,30,0
$JT,P,492,12,512
$JT,S,38293,38295,236,8,0,2846,-550,140,0,11200,34,0
$JT,S,38311,38313,237,9,0,1803,0,-52,1,11200,33,0
$JT,S,38331,38333,238,10,0,2744,-50,-8,0,11200,32,0
$JT,S,38353,38355,239,11,0,974,300,-48,0,11100,33,0
$JT,S,38373,38375,240,0,0,1863,0,-48,1,11100,32,0
$JT,S,38393,38395,241,1,0,1598,0,16,0,11200,31,0
$JT,S,38414,38416,242,2,0,3016,-50,32,1,11300,33,0
$JT,S,38434,38436,243,3,0,2232,0,28,1,11200,34,0
$JT,S,38454,38456,244,4,0,2702,150,-56,3,11200,30,0
$JT,S,38474,38476,245,5,0,1195,-100,168,4,11100,32,0
$JT,S,38494,38496,246,6,0,2170,0,-56,2,11200,32,0
$JT,S,38514,38516,247,7,0,1163,-150,32,2,11200,30,0
$JT,P,504,8,512
$JT,S,38534,38536,248,8,0,2860,550,-252,5,11100,34,0
$JT,S,38554,38556,249,9,0,1815,100,-68,1,11200,33,0
$JT,S,38574,38576,250,10,0,2761,250,-56,3,11100,31,0
$JT,S,38594,38596,251,11,0,979,0,0,0,11100,33,0
$JT,S,38616,38618,252,0,0,1848,-100,40,0,11100,32,0
$JT,S,38636,38638,253,1,0,1559,-350,72,4,11200,31,0
$JT,S,38656,38658,254,2,0,3021,50,-48,2,11300,33,0
$JT,S,38676,38678,255,3,0,2215,-150,72,1,11200,34,0
$JT,END
