$JT,M,1,256,512,0,1,21,3400,254
$JT,R,s-native-v6-2-5-v70
$JT,J,0,1,1929,-1
$JT,J,1,2,2077,-1
$JT,J,2,3,1965,1
$JT,J,3,4,2089,1
$JT,J,4,5,1922,1
$JT,J,5,6,2081,-1
$JT,J,6,7,2104,-1
$JT,J,7,8,1942,-1
$JT,J,8,9,1964,1
$JT,J,9,10,1951,1
$JT,J,10,11,2255,1
$JT,J,11,12,2046,-1
$JT,P,0,12,768
$JT,C,0,165098,165098,1929,1554,2989,2089,2445,1057,2104,1419,2988,1951,2778,1022
$JT,C,1,165119,165120,1929,1554,2989,2089,2445,1056,2104,1419,2989,1951,2778,1022
$JT,C,2,165139,165140,1929,1554,2989,2089,2448,1052,2104,1416,2993,1951,2778,1022
$JT,C,3,165159,165160,1929,1554,2989,2090,2454,1041,2104,1411,3003,1951,2778,1022
$JT,C,4,165178,165178,1929,1554,2989,2092,2462,1027,2104,1403,3016,1951,2778,1022
$JT,C,5,165199,165200,1929,1554,2989,2095,2473,1010,2104,1394,3031,1951,2778,1022
$JT,C,6,165219,165220,1929,1554,2989,2099,2483,993,2104,1384,3046,1951,2778,1022
$JT,C,7,165239,165240,1929,1554,2989,2104,2492,978,2104,1375,3059,1951,2778,1022
$JT,C,8,165259,165260,1929,1554,2989,2111,2500,968,2104,1370,3065,1951,2778,1022
$JT,C,9,165278,165278,1929,1554,2989,2117,2506,963,2104,1366,3069,1951,2778,1022
$JT,C,10,165298,165298,1929,1554,2989,2127,2511,959,2104,1363,3069,1951,2778,1022
$JT,C,11,165318,165318,1929,1554,2989,2137,2516,955,2104,1362,3069,1951,2778,1022
$JT,P,12,12,768
$JT,C,12,165338,165338,1929,1554,2989,2148,2519,951,2104,1361,3068,1951,2778,1022
$JT,C,13,165358,165358,1929,1552,2989,2161,2522,947,2104,1361,3068,1951,2780,1022
$JT,C,14,165378,165379,1929,1550,2989,2173,2522,943,2104,1362,3069,1951,2782,1022
$JT,C,15,165398,165398,1929,1547,2989,2187,2520,939,2104,1364,3069,1951,2785,1022
$JT,C,16,165418,165418,1929,1542,2989,2201,2519,936,2104,1367,3069,1951,2790,1022
$JT,C,17,165439,165440,1929,1535,2989,2214,2517,934,2104,1372,3069,1951,2797,1022
$JT,C,18,165459,165460,1929,1526,2988,2227,2514,932,2104,1377,3069,1951,2806,1023
$JT,C,19,165479,165480,1929,1515,2986,2240,2509,931,2104,1380,3069,1951,2817,1025
$JT,C,20,165499,165500,1929,1500,2983,2252,2506,931,2104,1384,3069,1951,2832,1028
$JT,C,21,165521,165521,1929,1482,2978,2262,2500,931,2104,1390,3069,1951,2850,1033
$JT,C,22,165541,165541,1929,1464,2970,2272,2494,933,2104,1396,3067,1951,2868,1041
$JT,C,23,165561,165562,1929,1443,2958,2279,2485,942,2104,1405,3057,1951,2889,1053
$JT,P,24,12,768
$JT,C,24,165581,165582,1929,1425,2945,2286,2473,959,2104,1417,3040,1951,2907,1066
$JT,C,25,165627,165628,1929,1402,2921,2289,2456,980,2104,1433,3020,1951,2930,1090
$JT,C,26,165648,165648,1929,1390,2904,2294,2435,1013,2104,1453,2988,1951,2942,1107
$JT,C,27,165666,165667,1929,1384,2893,2294,2432,1015,2104,1456,2986,1951,2948,1118
$JT,C,28,165686,165686,1929,1377,2885,2294,2431,1015,2104,1458,2986,1951,2955,1126
$JT,C,29,165706,165706,1929,1366,2885,2293,2428,1015,2104,1460,2986,1951,2966,1126
$JT,C,30,165726,165726,1927,1349,2892,2292,2428,1015,2106,1460,2987,1950,2983,1119
$JT,C,31,165746,165746,1926,1329,2904,2289,2429,1015,2107,1458,2988,1949,3003,1107
$JT,C,32,165766,165766,1922,1310,2914,2287,2432,1014,2111,1455,2990,1946,3021,1098
$JT,C,33,165786,165787,1918,1296,2921,2282,2436,1013,2115,1449,2993,1943,3034,1093
$JT,C,34,165806,165807,1912,1292,2930,2277,2443,1011,2120,1443,2996,1940,3038,1083
$JT,C,35,165828,165828,1906,1300,2950,2271,2451,1010,2127,1432,2999,1934,3030,1063
$JT,P,36,12,768
$JT,C,36,165848,165848,1899,1318,2987,2265,2462,1009,2132,1420,3003,1928,3012,1028
$JT,C,37,165868,165869,1893,1345,3028,2259,2475,1009,2139,1406,3006,1920,2984,986
$JT,C,38,165888,165889,1886,1383,3061,2253,2492,1010,2145,1388,3008,1911,2948,951
$JT,C,39,165908,165909,1880,1424,3081,2247,2510,1013,2151,1369,3008,1901,2908,929
$JT,C,40,165922,165923,1880,1424,3081,2247,2510,1013,2151,1369,3008,1901,2908,929
$JT,C,41,165942,165943,1880,1424,3081,2247,2510,1013,2151,1369,3008,1901,2908,929
$JT,C,42,165962,165963,1880,1424,3081,2247,2510,1013,2151,1369,3008,1901,2908,929
$JT,C,43,165982,165983,1880,1424,3081,2247,2510,1013,2151,1369,3008,1901,2908,929
$JT,C,44,166002,166003,1880,1424,3081,2247,2510,1013,2151,1369,3008,1901,2908,929
$JT,C,45,166024,166024,1880,1424,3081,2247,2510,1013,2151,1369,3008,1901,2908,929
$JT,C,46,166045,166046,1880,1425,3082,2247,2511,1013,2151,1367,3007,1901,2907,929
$JT,C,47,166065,166066,1880,1428,3083,2246,2513,1013,2151,1366,3007,1900,2904,928
$JT,P,48,12,768
$JT,C,48,166085,166086,1879,1433,3085,2246,2515,1013,2152,1363,3007,1899,2899,925
$JT,C,49,166107,166107,1879,1439,3086,2245,2518,1014,2152,1361,3007,1896,2894,923
$JT,C,50,166127,166127,1878,1444,3088,2245,2522,1014,2153,1357,3007,1895,2889,922
$JT,C,51,166147,166147,1878,1451,3089,2244,2526,1015,2153,1353,3006,1893,2883,920
$JT,C,52,166167,166167,1877,1458,3090,2244,2531,1016,2154,1347,3005,1890,2875,917
$JT,C,53,166187,166187,1876,1467,3091,2243,2538,1018,2154,1341,3004,1886,2867,915
$JT,C,54,166207,166207,1874,1476,3094,2241,2546,1021,2155,1333,3002,1883,2859,913
$JT,C,55,166227,166227,1874,1485,3094,2241,2553,1023,2155,1324,2998,1877,2850,910
$JT,C,56,166247,166247,1873,1494,3095,2240,2564,1027,2156,1315,2995,1871,2842,908
$JT,C,57,166267,166267,1873,1504,3095,2240,2575,1032,2156,1304,2989,1865,2833,907
$JT,C,58,166287,166287,1874,1513,3094,2240,2588,1039,2155,1292,2982,1858,2826,906
$JT,C,59,166307,166307,1874,1521,3094,2241,2600,1048,2154,1280,2973,1850,2818,904
$JT,P,60,12,768
$JT,C,60,166328,166329,1877,1529,3093,2243,2614,1058,2153,1267,2961,1841,2813,903
$JT,C,61,166348,166349,1878,1535,3091,2244,2629,1071,2152,1255,2947,1832,2806,901
$JT,C,62,166368,166369,1876,1541,3091,2241,2642,1087,2154,1241,2931,1826,2801,901
$JT,C,63,166388,166388,1873,1546,3091,2240,2655,1104,2155,1229,2914,1821,2797,901
$JT,C,64,166408,166408,1871,1550,3089,2238,2666,1123,2157,1216,2897,1817,2792,904
$JT,C,65,166428,166429,1870,1556,3082,2237,2676,1142,2159,1205,2879,1812,2786,910
$JT,C,66,166448,166449,1869,1563,3072,2235,2684,1162,2161,1196,2861,1810,2778,922
$JT,C,67,166467,166467,1868,1572,3056,2235,2691,1179,2162,1189,2845,1808,2769,937
$JT,C,68,166487,166487,1868,1582,3039,2233,2695,1192,2163,1184,2832,1808,2759,954
$JT,C,69,166507,166507,1868,1590,3024,2233,2697,1201,2163,1182,2823,1808,2751,969
$JT,C,70,166525,166526,1868,1595,3015,2232,2698,1206,2163,1181,2818,1808,2747,978
$JT,C,71,166545,166546,1868,1597,3013,2232,2698,1207,2164,1181,2817,1808,2744,981
$JT,P,72,12,768
$JT,C,72,166564,166564,1868,1597,3013,2232,2699,1207,2164,1180,2818,1808,2744,981
$JT,C,73,166585,166586,1868,1596,3013,2233,2703,1203,2164,1176,2823,1808,2745,981
$JT,C,74,166607,166607,1864,1595,3014,2231,2709,1192,2168,1168,2834,1811,2747,981
$JT,C,75,166627,166627,1861,1591,3015,2229,2721,1179,2172,1156,2850,1814,2748,981
$JT,C,76,166647,166647,1857,1588,3017,2227,2733,1163,2176,1142,2867,1818,2751,981
$JT,C,77,166667,166667,1855,1583,3019,2226,2745,1149,2179,1130,2882,1820,2756,980
$JT,C,78,166687,166687,1852,1576,3021,2223,2753,1139,2184,1122,2894,1824,2761,980
$JT,C,79,166707,166707,1848,1567,3022,2219,2751,1123,2187,1121,2912,1827,2769,980
$JT,C,80,166728,166729,1845,1557,3024,2214,2740,1092,2192,1131,2944,1830,2778,979
$JT,C,81,166748,166749,1840,1545,3025,2210,2717,1049,2195,1152,2988,1835,2791,979
$JT,C,82,166768,166769,1836,1530,3028,2205,2682,1005,2201,1185,3036,1839,2805,980
$JT,C,83,166788,166789,1831,1513,3028,2201,2639,969,2205,1227,3073,1844,2820,981
$JT,P,84,12,768
$JT,C,84,166802,166803,1831,1513,3028,2201,2639,969,2205,1227,3073,1844,2820,981
$JT,C,85,166822,166823,1831,1513,3028,2201,2639,969,2205,1227,3073,1844,2820,981
$JT,C,86,166842,166843,1831,1513,3028,2201,2639,969,2205,1227,3073,1844,2820,981
$JT,C,87,166862,166863,1831,1513,3028,2201,2639,969,2205,1227,3073,1844,2820,981
$JT,C,88,166882,166883,1831,1513,3028,2201,2639,969,2205,1227,3073,1844,2820,981
$JT,C,89,166902,166903,1831,1513,3028,2201,2639,969,2205,1227,3073,1844,2820,981
$JT,C,90,166922,166923,1831,1513,3028,2201,2639,969,2205,1227,3073,1844,2820,981
$JT,C,91,166945,166946,1831,1512,3028,2201,2637,968,2206,1229,3074,1844,2820,981
$JT,C,92,166965,166966,1831,1510,3028,2199,2633,966,2206,1232,3077,1845,2823,982
$JT,C,93,166987,166987,1830,1508,3028,2199,2627,964,2208,1238,3080,1845,2824,982
$JT,C,94,167005,167006,1830,1506,3028,2198,2623,961,2208,1242,3082,1846,2826,982
$JT,C,95,167027,167027,1829,1504,3028,2198,2617,959,2209,1248,3086,1847,2828,983
$JT,P,96,12,768
$JT,C,96,167047,167047,1828,1500,3028,2197,2610,956,2210,1255,3089,1847,2832,983
$JT,C,97,167067,167067,1827,1497,3027,2196,2601,952,2211,1263,3093,1849,2835,984
$JT,C,98,167087,167087,1825,1492,3027,2195,2590,949,2213,1273,3096,1851,2840,986
$JT,C,99,167107,167107,1823,1485,3027,2193,2578,947,2214,1284,3101,1852,2846,987
$JT,C,100,167127,167127,1822,1479,3025,2190,2565,943,2217,1297,3104,1854,2852,988
$JT,C,101,167147,167147,1819,1469,3024,2188,2551,942,2220,1311,3106,1858,2860,991
$JT,C,102,167167,167167,1816,1460,3022,2185,2538,941,2223,1323,3109,1860,2868,995
$JT,C,103,167187,167187,1812,1449,3019,2181,2524,941,2227,1337,3111,1865,2879,999
$JT,C,104,167207,167207,1808,1436,3015,2177,2510,941,2231,1348,3112,1868,2890,1005
$JT,C,105,167227,167227,1804,1423,3009,2172,2499,943,2237,1359,3112,1872,2901,1013
$JT,C,106,167248,167249,1798,1408,3002,2168,2487,944,2243,1370,3112,1878,2915,1023
$JT,C,107,167268,167269,1794,1393,2992,2162,2477,947,2248,1378,3113,1884,2927,1036
$JT,P,108,12,768
$JT,C,108,167288,167289,1788,1377,2980,2155,2468,950,2254,1386,3112,1890,2941,1053
$JT,C,109,167308,167309,1787,1362,2964,2154,2461,950,2255,1392,3112,1891,2955,1069
$JT,C,110,167328,167328,1786,1348,2946,2155,2456,951,2255,1398,3111,1891,2968,1088
$JT,C,111,167348,167348,1786,1335,2926,2155,2451,953,2255,1403,3109,1891,2981,1107
$JT,C,112,167368,167368,1786,1324,2905,2154,2445,960,2254,1410,3102,1891,2992,1128
$JT,C,113,167388,167389,1786,1315,2885,2154,2436,973,2253,1417,3090,1891,3001,1147
$JT,C,114,167408,167409,1785,1308,2867,2153,2427,989,2252,1428,3073,1891,3009,1164
$JT,C,115,167427,167427,1785,1304,2852,2153,2417,1007,2251,1438,3055,1891,3013,1179
$JT,C,116,167446,167447,1785,1302,2843,2152,2408,1023,2248,1446,3040,1891,3016,1187
$JT,C,117,167465,167465,1785,1301,2840,2152,2403,1031,2248,1450,3031,1891,3017,1192
$JT,C,118,167485,167485,1785,1301,2839,2152,2402,1033,2247,1452,3029,1891,3017,1193
$JT,C,119,167505,167505,1785,1300,2840,2152,2402,1033,2247,1452,3029,1891,3017,1192
$JT,P,120,12,768
$JT,C,120,167525,167525,1785,1296,2845,2152,2403,1033,2247,1452,3029,1891,3022,1186
$JT,C,121,167546,167547,1786,1287,2856,2154,2404,1032,2245,1450,3029,1887,3031,1173
$JT,C,122,167566,167567,1788,1276,2871,2158,2408,1031,2242,1448,3029,1883,3043,1157
$JT,C,123,167586,167587,1790,1263,2885,2161,2411,1029,2238,1445,3030,1878,3057,1140
$JT,C,124,167606,167607,1791,1252,2899,2164,2417,1027,2235,1440,3030,1875,3070,1127
$JT,C,125,167627,167627,1795,1246,2910,2166,2424,1025,2231,1433,3030,1870,3076,1113
$JT,C,126,167648,167649,1798,1249,2930,2171,2433,1023,2228,1425,3031,1867,3075,1091
$JT,C,127,167668,167669,1804,1263,2965,2174,2444,1022,2223,1415,3031,1862,3062,1056
$JT,C,128,167688,167689,1808,1290,3009,2179,2458,1019,2220,1403,3031,1859,3038,1009
$JT,C,129,167708,167709,1813,1326,3052,2182,2473,1018,2216,1389,3030,1854,3003,964
$JT,C,130,167722,167723,1813,1326,3052,2182,2473,1018,2216,1389,3030,1854,3003,964
$JT,C,131,167742,167743,1813,1326,3052,2182,2473,1018,2216,1389,3030,1854,3003,964
$JT,P,132,12,768
$JT,C,132,167762,167763,1813,1326,3052,2182,2473,1018,2216,1389,3030,1854,3003,964
$JT,C,133,167782,167783,1813,1326,3052,2182,2473,1018,2216,1389,3030,1854,3003,964
$JT,C,134,167802,167803,1813,1326,3052,2182,2473,1018,2216,1389,3030,1854,3003,964
$JT,C,135,167822,167823,1813,1326,3052,2182,2473,1018,2216,1389,3030,1854,3003,964
$JT,C,136,167842,167843,1813,1326,3052,2182,2473,1018,2216,1389,3030,1854,3003,964
$JT,C,137,167862,167863,1813,1326,3052,2182,2473,1018,2216,1389,3030,1854,3003,964
$JT,C,138,167882,167883,1813,1326,3052,2182,2473,1018,2216,1389,3030,1854,3003,964
$JT,C,139,167902,167903,1813,1326,3052,2182,2473,1018,2216,1389,3030,1854,3003,964
$JT,C,140,167922,167923,1813,1326,3052,2182,2473,1018,2216,1389,3030,1854,3003,964
$JT,C,141,167945,167946,1813,1328,3053,2182,2474,1018,2216,1388,3030,1853,3001,963
$JT,C,142,167965,167966,1814,1332,3056,2183,2475,1018,2214,1387,3030,1853,2998,959
$JT,C,143,167985,167986,1814,1336,3061,2183,2477,1018,2214,1386,3030,1852,2992,955
$JT,P,144,12,768
$JT,C,144,168007,168007,1815,1344,3066,2185,2480,1018,2213,1382,3029,1852,2985,948
$JT,C,145,168027,168027,1816,1353,3072,2186,2483,1018,2212,1379,3029,1851,2977,942
$JT,C,146,168047,168047,1817,1365,3079,2187,2487,1018,2211,1375,3029,1849,2966,934
$JT,C,147,168067,168067,1819,1377,3086,2188,2493,1018,2209,1370,3028,1847,2954,928
$JT,C,148,168087,168087,1821,1392,3091,2190,2500,1019,2208,1364,3027,1845,2939,920
$JT,C,149,168108,168109,1823,1409,3097,2193,2507,1019,2205,1357,3026,1843,2924,914
$JT,C,150,168128,168129,1825,1426,3102,2195,2516,1021,2202,1348,3023,1839,2907,908
$JT,C,151,168147,168147,1829,1444,3104,2198,2527,1022,2198,1339,3020,1836,2890,904
$JT,C,152,168167,168167,1833,1461,3105,2202,2539,1024,2195,1329,3015,1833,2874,901
$JT,C,153,168187,168187,1838,1477,3105,2206,2552,1029,2190,1316,3010,1828,2858,899
$JT,C,154,168207,168207,1843,1492,3104,2211,2567,1033,2186,1304,3003,1822,2844,898
$JT,C,155,168228,168229,1848,1506,3103,2215,2583,1040,2180,1289,2993,1817,2833,898
$JT,P,156,12,768
$JT,C,156,168248,168249,1854,1517,3101,2221,2599,1050,2173,1275,2980,1811,2822,898
$JT,C,157,168268,168269,1861,1527,3097,2228,2617,1063,2168,1260,2963,1804,2814,898
$JT,C,158,168288,168289,1864,1535,3095,2231,2633,1079,2163,1246,2945,1801,2806,898
$JT,C,159,168308,168308,1864,1542,3095,2231,2649,1098,2163,1231,2925,1801,2799,899
$JT,C,160,168328,168328,1864,1547,3093,2231,2663,1118,2163,1217,2904,1801,2793,901
$JT,C,161,168348,168349,1865,1554,3086,2231,2675,1141,2163,1205,2882,1801,2787,908
$JT,C,162,168368,168369,1865,1562,3073,2232,2684,1162,2163,1196,2862,1803,2778,921
$JT,C,163,168387,168387,1866,1572,3056,2232,2691,1180,2163,1189,2845,1804,2769,938
$JT,C,164,168407,168407,1866,1582,3039,2232,2695,1194,2163,1184,2832,1805,2759,955
$JT,C,165,168427,168427,1868,1590,3025,2232,2697,1201,2163,1182,2824,1807,2751,969
$JT,C,166,168445,168446,1868,1595,3016,2232,2698,1206,2163,1181,2820,1808,2747,978
$JT,C,167,168465,168466,1868,1597,3013,2232,2698,1207,2163,1181,2818,1808,2744,981
$JT,P,168,12,768
$JT,C,168,168484,168484,1868,1597,3013,2232,2699,1207,2163,1181,2818,1808,2744,981
$JT,C,169,168505,168506,1868,1596,3013,2232,2700,1206,2163,1179,2820,1808,2744,981
$JT,C,170,168525,168526,1868,1596,3013,2232,2705,1199,2164,1174,2826,1809,2745,981
$JT,C,171,168547,168547,1863,1593,3014,2230,2714,1188,2169,1164,2840,1812,2747,981
$JT,C,172,168567,168567,1860,1590,3016,2228,2724,1174,2172,1152,2855,1816,2749,981
$JT,C,173,168587,168587,1857,1587,3017,2227,2737,1159,2177,1139,2871,1819,2752,981
$JT,C,174,168607,168607,1854,1582,3019,2224,2747,1148,2180,1127,2884,1821,2757,980
$JT,C,175,168627,168627,1852,1575,3021,2222,2753,1137,2184,1121,2897,1825,2762,980
$JT,C,176,168647,168647,1848,1566,3022,2219,2750,1120,2188,1122,2916,1828,2770,980
$JT,C,177,168668,168669,1844,1556,3024,2214,2738,1087,2192,1133,2949,1832,2781,979
$JT,C,178,168688,168688,1840,1543,3027,2208,2713,1043,2196,1156,2995,1836,2792,979
$JT,C,179,168708,168709,1836,1527,3028,2204,2677,999,2201,1190,3041,1841,2806,980
$JT,P,180,12,768
$JT,C,180,168728,168729,1831,1510,3028,2199,2633,966,2206,1233,3077,1845,2823,982
$JT,C,181,168742,168743,1831,1510,3028,2199,2633,966,2206,1233,3077,1845,2823,982
$JT,C,182,168762,168763,1831,1510,3028,2199,2633,966,2206,1233,3077,1845,2823,982
$JT,C,183,168782,168783,1831,1510,3028,2199,2633,966,2206,1233,3077,1845,2823,982
$JT,C,184,168802,168803,1831,1510,3028,2199,2633,966,2206,1233,3077,1845,2823,982
$JT,C,185,168822,168823,1831,1510,3028,2199,2633,966,2206,1233,3077,1845,2823,982
$JT,C,186,168842,168843,1831,1510,3028,2199,2633,966,2206,1233,3077,1845,2823,982
$JT,C,187,168865,168866,1831,1509,3028,2199,2631,966,2206,1234,3078,1845,2823,982
$JT,C,188,168885,168886,1830,1509,3028,2199,2629,965,2206,1237,3079,1845,2824,982
$JT,C,189,168905,168906,1830,1508,3028,2198,2626,964,2208,1239,3080,1846,2825,982
$JT,C,190,168925,168926,1830,1507,3028,2198,2624,963,2208,1241,3081,1846,2826,982
$JT,C,191,168945,168946,1830,1506,3028,2198,2622,961,2208,1243,3082,1846,2826,982
$JT,P,192,12,768
$JT,C,192,168965,168966,1829,1505,3028,2198,2619,960,2209,1245,3084,1846,2827,982
$JT,C,193,168985,168986,1829,1504,3028,2197,2616,958,2209,1249,3086,1847,2830,983
$JT,C,194,169007,169007,1828,1500,3028,2197,2610,956,2210,1255,3089,1847,2832,983
$JT,C,195,169027,169027,1827,1497,3027,2196,2602,952,2211,1262,3093,1849,2835,984
$JT,C,196,169047,169047,1825,1492,3027,2195,2592,950,2212,1271,3096,1851,2839,984
$JT,C,197,169067,169067,1824,1488,3027,2193,2582,947,2214,1282,3100,1852,2844,986
$JT,C,198,169087,169087,1822,1481,3025,2191,2569,944,2217,1293,3103,1854,2850,988
$JT,C,199,169107,169107,1820,1473,3024,2189,2556,942,2219,1306,3106,1857,2857,990
$JT,C,200,169127,169127,1817,1464,3023,2186,2543,941,2222,1318,3109,1859,2865,994
$JT,C,201,169147,169147,1814,1453,3020,2182,2530,941,2226,1331,3110,1862,2874,997
$JT,C,202,169167,169167,1810,1442,3016,2179,2516,941,2230,1344,3111,1867,2885,1003
$JT,C,203,169187,169187,1806,1430,3012,2174,2503,942,2235,1355,3112,1871,2897,1009
$JT,P,204,12,768
$JT,C,204,169207,169207,1800,1415,3005,2170,2492,943,2239,1365,3112,1876,2909,1019
$JT,C,205,169228,169229,1796,1400,2997,2164,2482,945,2245,1374,3113,1880,2922,1030
$JT,C,206,169248,169249,1790,1385,2986,2158,2473,948,2252,1382,3113,1886,2934,1044
$JT,C,207,169268,169269,1787,1369,2972,2155,2465,950,2255,1389,3112,1891,2948,1061
$JT,C,208,169288,169289,1786,1355,2955,2155,2459,951,2255,1395,3112,1891,2962,1078
$JT,C,209,169308,169308,1786,1342,2937,2155,2453,952,2255,1400,3111,1891,2975,1097
$JT,C,210,169328,169328,1786,1329,2916,2155,2448,956,2255,1406,3106,1891,2987,1118
$JT,C,211,169348,169349,1786,1319,2896,2154,2441,966,2254,1413,3097,1891,2998,1137
$JT,C,212,169368,169369,1785,1311,2876,2154,2432,980,2253,1422,3082,1891,3006,1156
$JT,C,213,169387,169387,1785,1307,2860,2153,2423,997,2252,1431,3065,1891,3012,1171
$JT,C,214,169406,169407,1785,1303,2850,2153,2414,1013,2250,1440,3051,1891,3014,1181
$JT,C,215,169426,169427,1785,1301,2843,2152,2407,1024,2250,1447,3038,1891,3016,1188
$JT,P,216,12,768
$JT,C,216,169445,169445,1785,1301,2840,2152,2403,1031,2248,1450,3031,1890,3017,1192
$JT,C,217,169465,169465,1785,1301,2839,2152,2402,1033,2248,1452,3029,1890,3017,1193
$JT,C,218,169483,169484,1785,1300,2839,2152,2402,1033,2248,1452,3029,1890,3017,1193
$JT,C,219,169505,169505,1783,1299,2842,2152,2402,1033,2248,1452,3029,1890,3020,1189
$JT,C,220,169525,169525,1783,1293,2849,2153,2403,1033,2247,1450,3029,1890,3025,1182
$JT,C,221,169546,169547,1787,1284,2862,2156,2406,1031,2244,1449,3029,1885,3036,1168
$JT,C,222,169567,169567,1789,1271,2876,2160,2409,1030,2241,1447,3029,1880,3049,1151
$JT,C,223,169586,169587,1790,1259,2892,2163,2414,1027,2237,1443,3030,1876,3063,1134
$JT,C,224,169607,169607,1792,1249,2904,2165,2420,1026,2234,1437,3030,1872,3074,1121
$JT,C,225,169627,169627,1796,1246,2918,2169,2428,1024,2230,1430,3031,1868,3078,1104
$JT,C,226,169648,169649,1800,1254,2946,2173,2439,1022,2227,1420,3031,1865,3070,1075
$JT,C,227,169668,169668,1805,1275,2987,2177,2451,1021,2222,1410,3031,1860,3051,1033
$JT,P,228,12,768
$JT,C,228,169688,169689,1811,1307,3031,2181,2465,1019,2218,1396,3031,1855,3022,986
$JT,C,229,169708,169709,1815,1349,3070,2185,2482,1018,2213,1381,3029,1851,2981,945
$JT,C,230,169728,169729,1821,1395,3093,2190,2501,1019,2206,1363,3027,1845,2937,918
$JT,C,231,169742,169743,1821,1395,3093,2190,2501,1019,2206,1363,3027,1845,2937,918
$JT,C,232,169762,169763,1821,1395,3093,2190,2501,1019,2206,1363,3027,1845,2937,918
$JT,C,233,169782,169783,1821,1395,3093,2190,2501,1019,2206,1363,3027,1845,2937,918
$JT,C,234,169802,169803,1821,1395,3093,2190,2501,1019,2206,1363,3027,1845,2937,918
$JT,C,235,169822,169823,1821,1395,3093,2190,2501,1019,2206,1363,3027,1845,2937,918
$JT,C,236,169842,169843,1821,1395,3093,2190,2501,1019,2206,1363,3027,1845,2937,918
$JT,C,237,169862,169863,1821,1395,3093,2190,2501,1019,2206,1363,3027,1845,2937,918
$JT,C,238,169882,169883,1821,1395,3093,2190,2501,1019,2206,1363,3027,1845,2937,918
$JT,C,239,169902,169903,1821,1395,3093,2190,2501,1019,2206,1363,3027,1845,2937,918
$JT,P,240,12,768
$JT,C,240,169922,169923,1821,1395,3093,2190,2501,1019,2206,1363,3027,1845,2937,918
$JT,C,241,169942,169943,1821,1395,3093,2190,2501,1019,2206,1363,3027,1845,2937,918
$JT,C,242,169962,169963,1821,1395,3093,2190,2501,1019,2206,1363,3027,1845,2937,918
$JT,C,243,169985,169986,1821,1398,3094,2190,2502,1019,2206,1362,3027,1844,2934,917
$JT,C,244,170005,170006,1822,1401,3095,2191,2503,1019,2206,1361,3026,1844,2931,916
$JT,C,245,170027,170027,1823,1407,3096,2191,2507,1019,2205,1358,3026,1843,2926,914
$JT,C,246,170047,170047,1823,1414,3098,2193,2510,1019,2204,1355,3024,1842,2919,912
$JT,C,247,170067,170067,1825,1423,3101,2194,2515,1021,2203,1350,3023,1841,2910,909
$JT,C,248,170087,170087,1827,1432,3102,2196,2519,1021,2201,1346,3022,1838,2901,907
$JT,C,249,170107,170107,1829,1443,3104,2198,2526,1022,2198,1339,3020,1836,2890,904
$JT,C,250,170127,170127,1831,1456,3105,2201,2534,1024,2196,1332,3018,1834,2880,903
$JT,C,251,170147,170147,1835,1467,3105,2203,2543,1025,2194,1324,3014,1830,2867,900
$JT,P,252,12,768
$JT,C,252,170167,170167,1838,1480,3105,2206,2553,1029,2189,1315,3010,1827,2857,899
$JT,C,253,170187,170187,1843,1491,3104,2210,2565,1033,2186,1305,3003,1824,2846,898
$JT,C,254,170207,170207,1847,1501,3103,2214,2578,1038,2181,1293,2996,1819,2835,898
$JT,C,255,170227,170227,1852,1512,3102,2219,2592,1046,2177,1282,2986,1813,2826,898
$JT,S,165098,165100,0,9,0,1946,0,-48,0,10900,33,0
$JT,S,165100,165102,0,10,0,2777,0,-8,0,10900,32,0
$JT,S,165120,165122,1,11,0,1019,0,-32,0,10800,34,0
$JT,S,165122,165124,1,0,0,1923,0,-56,1,10800,33,0
$JT,S,165140,165142,2,1,0,1556,0,16,1,10900,31,0
$JT,S,165142,165144,2,2,0,2991,0,24,1,11000,34,0
$JT,S,165160,165162,3,3,0,2094,0,48,1,11000,34,0
$JT,S,165162,165164,3,4,0,2443,0,-40,2,10900,31,0
$JT,P,264,12,768
$JT,S,165179,165181,4,5,0,1054,0,40,1,11000,32,0
$JT,S,165181,165183,4,6,0,2110,0,56,1,10900,32,0
$JT,S,165200,165202,5,7,0,1413,-150,88,7,10900,30,0
$JT,S,165202,165204,5,8,0,2990,0,-120,4,10900,35,0
$JT,S,165220,165222,6,9,0,1946,0,-48,1,10900,33,0
$JT,S,165222,165224,6,10,0,2777,0,-8,0,10900,32,0
$JT,S,165240,165242,7,11,0,1019,0,-32,0,10800,34,0
$JT,S,165242,165244,7,0,0,1923,0,-56,1,10800,32,0
$JT,S,165260,165262,8,1,0,1556,0,16,1,10900,31,0
$JT,S,165262,165264,8,2,0,2991,0,24,1,11000,34,0
$JT,S,165278,165280,9,3,0,2096,0,-92,2,10900,34,0
$JT,S,165280,165282,9,4,0,2487,550,-96,4,10900,31,0
$JT,P,276,12,768
$JT,S,165298,165300,10,5,0,1017,-500,228,2,11000,32,0
$JT,S,165300,165302,10,6,0,2110,0,56,1,10900,32,0
$JT,S,165319,165321,11,7,0,1368,-300,48,3,10900,30,0
$JT,S,165321,165323,11,8,0,3039,500,-152,1,10900,35,0
$JT,S,165338,165340,12,9,0,1946,0,-48,2,10900,33,0
$JT,S,165340,165342,12,10,0,2777,0,-8,0,10900,32,0
$JT,S,165359,165361,13,11,0,1019,0,-32,1,10900,33,0
$JT,S,165361,165363,13,0,0,1923,0,-56,1,10800,32,0
$JT,S,165379,165381,14,1,0,1556,0,40,2,10900,31,0
$JT,S,165381,165383,14,2,0,2991,0,24,0,11000,34,0
$JT,S,165399,165401,15,3,0,2132,400,-176,2,11000,34,0
$JT,S,165401,165403,15,4,0,2520,150,-8,0,10900,31,0
$JT,P,288,12,768
$JT,S,165419,165421,16,5,0,961,-400,136,2,11000,32,0
$JT,S,165421,165423,16,6,0,2110,0,56,2,10900,32,0
$JT,S,165440,165442,17,7,0,1365,0,-12,0,10900,30,0
$JT,S,165442,165444,17,8,0,3065,50,-36,1,10900,35,0
$JT,S,165460,165462,18,9,0,1946,0,-48,2,10900,33,0
$JT,S,165462,165464,18,10,0,2788,150,-72,3,10900,32,0
$JT,S,165480,165482,19,11,0,1019,0,-40,0,10800,34,0
$JT,S,165482,165484,19,0,0,1923,0,-56,1,10800,32,0
$JT,S,165500,165502,20,1,0,1530,-350,112,7,10900,31,0
$JT,S,165502,165504,20,2,0,2991,0,56,2,11000,34,0
$JT,S,165521,165523,21,3,0,2195,550,-224,3,10900,34,0
$JT,S,165523,165525,21,4,0,2508,-200,24,0,10900,31,0
$JT,P,300,12,768
$JT,S,165541,165543,22,5,0,936,-100,36,1,11000,32,0
$JT,S,165543,165545,22,6,0,2110,0,56,1,10900,32,0
$JT,S,165562,165564,23,7,0,1390,200,-44,2,10900,30,0
$JT,S,165564,165566,23,8,0,3065,0,24,0,10900,35,0
$JT,S,165582,165584,24,9,0,1946,0,-48,1,10900,33,0
$JT,S,165584,165615,24,10,0,2880,900,-172,10,10900,32,0
$JT,S,165628,165630,25,11,0,1043,350,-132,1,10800,34,0
$JT,S,165630,165632,25,0,0,1923,0,-56,1,10800,32,0
$JT,S,165648,165650,26,1,0,1428,-750,80,4,10900,31,0
$JT,S,165650,165652,26,2,0,2960,-350,136,2,11000,34,0
$JT,S,165667,165669,27,3,0,2272,400,-112,1,10900,34,0
$JT,S,165669,165671,27,4,0,2464,-250,120,8,10900,31,0
$JT,P,312,12,768
$JT,S,165686,165688,28,5,0,956,500,-180,3,10900,32,0
$JT,S,165688,165690,28,6,0,2110,0,56,2,10900,32,0
$JT,S,165706,165708,29,7,0,1448,550,-76,2,10900,30,0
$JT,S,165708,165710,29,8,0,3031,-450,188,3,10900,35,0
$JT,S,165727,165729,30,9,0,1946,0,-40,2,10900,33,0
$JT,S,165729,165731,30,10,0,2950,650,-124,4,10900,32,0
$JT,S,165746,165748,31,11,0,1095,550,-136,0,10800,34,0
$JT,S,165748,165750,31,0,0,1924,50,-24,0,10800,32,0
$JT,S,165766,165768,32,1,0,1361,-500,176,17,10800,31,0
$JT,S,165768,165770,32,2,0,2908,-400,144,2,11000,34,0
$JT,S,165787,165789,33,3,0,2290,0,32,0,10900,34,0
$JT,S,165789,165791,33,4,0,2427,0,-40,1,10900,31,0
$JT,P,324,12,768
$JT,S,165807,165809,34,5,0,1007,400,-40,0,11000,32,0
$JT,S,165809,165811,34,6,0,2109,0,-52,1,10900,32,0
$JT,S,165828,165830,35,7,0,1451,-150,76,3,10900,30,0
$JT,S,165830,165832,35,8,0,2989,-200,-40,0,10900,35,0
$JT,S,165848,165850,36,9,0,1946,0,96,2,10900,33,0
$JT,S,165850,165852,36,10,0,3033,800,-12,0,10900,32,0
$JT,S,165869,165871,37,11,0,1121,0,84,2,10800,34,0
$JT,S,165871,165873,37,0,0,1915,-250,100,0,10800,32,0
$JT,S,165889,165891,38,1,0,1305,100,-176,12,10800,31,0
$JT,S,165891,165893,38,2,0,2892,50,-148,4,10900,34,0
$JT,S,165909,165911,39,3,0,2273,-250,132,2,11000,34,0
$JT,S,165911,165913,39,4,0,2469,500,-140,10,10900,31,0
$JT,P,336,12,768
$JT,S,165923,165925,40,5,0,1010,0,0,0,10900,32,0
$JT,S,165925,165927,40,6,0,2131,300,-104,1,10900,32,0
$JT,S,165943,165945,41,7,0,1389,-750,148,9,10900,30,0
$JT,S,165945,165947,41,8,0,3003,150,-44,1,10800,35,0
$JT,S,165963,165965,42,9,0,1915,-350,104,0,10900,33,0
$JT,S,165965,165967,42,10,0,2933,-1400,168,4,10800,32,0
$JT,S,165983,165985,43,11,0,1075,-650,280,7,10800,34,0
$JT,S,165985,165987,43,0,0,1884,-300,24,0,10800,32,0
$JT,S,166003,166005,44,1,0,1422,650,-16,1,10900,31,0
$JT,S,166005,166007,44,2,0,2953,750,-320,24,10900,34,0
$JT,S,166024,166026,45,3,0,2251,-50,32,1,11000,34,0
$JT,S,166026,166028,45,4,0,2510,0,0,0,10900,31,0
$JT,P,348,12,768
$JT,S,166046,166048,46,5,0,1012,0,0,0,11000,32,0
$JT,S,166048,166050,46,6,0,2149,0,-24,0,10900,32,0
$JT,S,166066,166068,47,7,0,1370,0,36,1,10900,30,0
$JT,S,166068,166070,47,8,0,3005,0,-20,0,10900,35,0
$JT,S,166086,166088,48,9,0,1903,0,44,1,10900,33,0
$JT,S,166088,166090,48,10,0,2905,0,16,0,10900,32,0
$JT,S,166107,166109,49,11,0,975,-850,212,3,10800,33,0
$JT,S,166109,166111,49,0,0,1880,0,20,0,10800,32,0
$JT,S,166127,166129,50,1,0,1433,200,-52,1,10900,31,0
$JT,S,166129,166131,50,2,0,3049,650,-176,3,11000,34,0
$JT,S,166147,166149,51,3,0,2250,0,56,1,11000,34,0
$JT,S,166149,166151,51,4,0,2515,150,-56,3,10900,31,0
$JT,P,360,12,768
$JT,S,166167,166169,52,5,0,1012,0,-36,1,11000,32,0
$JT,S,166169,166171,52,6,0,2151,100,-20,0,10900,32,0
$JT,S,166187,166189,53,7,0,1355,-200,64,4,10900,30,0
$JT,S,166189,166191,53,8,0,3005,0,0,0,10900,35,0
$JT,S,166207,166209,54,9,0,1893,-150,64,1,10900,33,0
$JT,S,166209,166211,54,10,0,2876,-250,72,1,10900,32,0
$JT,S,166227,166229,55,11,0,925,-300,100,1,10800,34,0
$JT,S,166229,166231,55,0,0,1878,0,44,1,10800,32,0
$JT,S,166247,166249,56,1,0,1474,500,-84,2,10900,31,0
$JT,S,166249,166251,56,2,0,3086,150,-64,3,11000,34,0
$JT,S,166267,166269,57,3,0,2246,-100,56,1,11000,34,0
$JT,S,166269,166271,57,4,0,2550,400,-108,5,10900,31,0
$JT,P,372,12,768
$JT,S,166287,166289,58,5,0,1020,150,-80,1,11000,43,0
$JT,S,166289,166291,58,6,0,2153,0,-24,0,10900,32,0
$JT,S,166307,166309,59,7,0,1310,-450,116,8,10900,30,0
$JT,S,166309,166311,59,8,0,2996,-200,80,1,10900,35,0
$JT,S,166329,166331,60,9,0,1869,-250,104,1,10900,33,0
$JT,S,166331,166333,60,10,0,2825,-450,64,1,10800,32,0
$JT,S,166349,166351,61,11,0,909,-100,64,1,10800,34,0
$JT,S,166351,166353,61,0,0,1874,0,-24,0,10800,32,0
$JT,S,166369,166371,62,1,0,1527,400,-64,2,10900,31,0
$JT,S,166371,166373,62,2,0,3091,0,20,0,11000,34,0
$JT,S,166388,166390,63,3,0,2244,0,36,0,11000,34,0
$JT,S,166390,166392,63,4,0,2618,600,-164,8,11000,31,0
$JT,P,384,12,768
$JT,S,166408,166410,64,5,0,1055,350,-176,3,11000,32,0
$JT,S,166410,166412,64,6,0,2154,0,0,0,10900,32,0
$JT,S,166429,166431,65,7,0,1237,-650,144,9,11000,30,0
$JT,S,166431,166433,65,8,0,2954,-450,208,4,10900,35,0
$JT,S,166449,166451,66,9,0,1829,-350,96,0,10900,33,0
$JT,S,166451,166453,66,10,0,2791,-250,52,0,10900,32,0
$JT,S,166467,166469,67,11,0,905,0,-60,1,10800,34,0
$JT,S,166469,166471,67,0,0,1874,0,64,1,10800,32,0
$JT,S,166487,166489,68,1,0,1561,300,-72,3,10900,31,0
$JT,S,166489,166491,68,2,0,3087,-150,128,7,11000,34,0
$JT,S,166507,166509,69,3,0,2240,-150,64,1,11000,34,0
$JT,S,166509,166511,69,4,0,2687,400,-64,2,10900,31,0
$JT,P,396,12,768
$JT,S,166526,166528,70,5,0,1126,700,-248,3,11000,32,0
$JT,S,166528,166530,70,6,0,2161,100,0,0,10900,32,0
$JT,S,166546,166548,71,7,0,1184,-200,24,0,10900,30,0
$JT,S,166548,166550,71,8,0,2878,-700,220,1,10900,35,0
$JT,S,166564,166566,72,9,0,1810,0,20,0,10900,33,0
$JT,S,166566,166568,72,10,0,2747,-350,24,0,10900,32,0
$JT,S,166586,166588,73,11,0,947,500,-168,2,10800,34,0
$JT,S,166588,166590,73,0,0,1869,0,0,0,10800,32,0
$JT,S,166607,166609,74,1,0,1598,50,28,1,10900,31,0
$JT,S,166609,166611,74,2,0,3036,-500,136,1,11000,34,0
$JT,S,166627,166629,75,3,0,2238,0,72,3,11000,34,0
$JT,S,166629,166631,75,4,0,2699,50,-84,4,10900,31,0
$JT,P,408,12,768
$JT,S,166647,166649,76,5,0,1193,400,-96,0,10900,32,0
$JT,S,166649,166651,76,6,0,2163,0,-76,2,10900,32,0
$JT,S,166667,166669,77,7,0,1164,-400,144,10,10900,30,0
$JT,S,166669,166671,77,8,0,2824,-300,44,0,10900,35,0
$JT,S,166687,166689,78,9,0,1811,0,-84,3,10900,33,0
$JT,S,166689,166691,78,10,0,2749,100,-56,3,10900,32,0
$JT,S,166707,166709,79,11,0,977,50,-24,0,10800,33,0
$JT,S,166709,166711,79,0,0,1859,-200,56,0,10800,32,0
$JT,S,166729,166731,80,1,0,1578,-350,88,4,10900,31,0
$JT,S,166731,166733,80,2,0,3017,50,-56,2,11000,34,0
$JT,S,166749,166751,81,3,0,2226,-150,84,2,11000,34,0
$JT,S,166751,166753,81,4,0,2749,250,76,3,10900,31,0
$JT,P,420,12,768
$JT,S,166769,166771,82,5,0,1194,-250,200,5,11000,32,0
$JT,S,166771,166773,82,6,0,2184,150,-84,0,10900,32,0
$JT,S,166789,166791,83,7,0,1139,400,-192,16,10900,30,0
$JT,S,166791,166793,83,8,0,2843,400,-228,6,10800,35,0
$JT,S,166803,166805,84,9,0,1827,200,-108,2,10900,36,0
$JT,S,166805,166807,84,10,0,2793,600,-164,9,10800,32,0
$JT,S,166823,166825,85,11,0,978,0,-36,1,10800,34,0
$JT,S,166825,166827,85,0,0,1839,-200,72,0,10800,32,0
$JT,S,166843,166845,86,1,0,1520,-650,56,2,10900,31,0
$JT,S,166845,166847,86,2,0,3024,50,-36,1,11000,34,0
$JT,S,166863,166865,87,3,0,2207,-100,44,1,11000,34,0
$JT,S,166865,166867,87,4,0,2646,-950,52,0,10900,31,0
$JT,P,432,12,768
$JT,S,166883,166885,88,5,0,1118,-850,360,7,11000,32,0
$JT,S,166885,166887,88,6,0,2203,100,20,0,10900,32,0
$JT,S,166903,166905,89,7,0,1229,150,16,1,10900,30,0
$JT,S,166905,166907,89,8,0,2934,950,-360,7,10900,35,0
$JT,S,166923,166925,90,9,0,1840,0,-36,1,10900,33,0
$JT,S,166925,166927,90,10,0,2819,-50,-8,0,10900,32,0
$JT,S,166946,166948,91,11,0,979,0,-24,0,10800,34,0
$JT,S,166948,166954,91,0,0,1833,0,24,0,10800,32,0
$JT,S,166966,166968,92,1,0,1514,0,28,1,10900,31,0
$JT,S,166968,166970,92,2,0,3025,0,-32,1,11000,34,0
$JT,S,166987,166989,93,3,0,2206,0,68,2,11000,34,0
$JT,S,166989,166991,93,4,0,2635,-50,24,0,10900,31,0
$JT,P,444,12,768
$JT,S,167006,167008,94,5,0,1010,-700,200,2,11000,32,0
$JT,S,167008,167010,94,6,0,2203,0,-40,1,10900,32,0
$JT,S,167027,167029,95,7,0,1237,250,-40,1,10900,30,0
$JT,S,167029,167031,95,8,0,3038,650,-196,3,10900,35,0
$JT,S,167047,167049,96,9,0,1840,0,-68,2,10900,33,0
$JT,S,167049,167051,96,10,0,2824,100,-32,1,10900,32,0
$JT,S,167067,167069,97,11,0,979,0,-44,1,10800,34,0
$JT,S,167069,167071,97,0,0,1831,-100,36,0,10800,32,0
$JT,S,167087,167089,98,1,0,1502,-100,36,3,10900,31,0
$JT,S,167089,167091,98,2,0,3025,0,-20,1,11000,34,0
$JT,S,167107,167109,99,3,0,2202,0,64,2,11000,34,0
$JT,S,167109,167111,99,4,0,2601,-400,80,2,10900,31,0
$JT,P,456,12,768
$JT,S,167127,167129,100,5,0,961,-250,108,1,11000,32,0
$JT,S,167129,167131,100,6,0,2209,0,-52,1,10900,32,0
$JT,S,167147,167149,101,7,0,1280,450,-104,5,10900,30,0
$JT,S,167149,167151,101,8,0,3088,300,-108,2,10800,35,0
$JT,S,167167,167169,102,9,0,1847,100,-76,2,10900,33,0
$JT,S,167169,167171,102,10,0,2849,300,-92,4,10900,32,0
$JT,S,167187,167189,103,11,0,986,150,-64,0,10800,34,0
$JT,S,167189,167191,103,0,0,1821,-50,56,1,10800,32,0
$JT,S,167207,167209,104,1,0,1466,-400,120,8,10900,31,0
$JT,S,167209,167211,104,2,0,3025,0,64,2,10900,34,0
$JT,S,167227,167229,105,3,0,2189,-150,92,2,11000,34,0
$JT,S,167229,167231,105,4,0,2528,-700,116,4,10900,31,0
$JT,P,468,12,768
$JT,S,167249,167251,106,5,0,945,-50,24,1,11000,32,0
$JT,S,167251,167253,106,6,0,2224,150,-84,2,10900,32,0
$JT,S,167269,167271,107,7,0,1355,550,-96,3,10900,30,0
$JT,S,167271,167273,107,8,0,3107,100,-44,0,10900,35,0
$JT,S,167289,167291,108,9,0,1866,200,-112,2,10900,33,0
$JT,S,167291,167293,108,10,0,2907,550,-136,7,10800,32,0
$JT,S,167309,167311,109,11,0,1012,300,-156,3,10800,34,0
$JT,S,167311,167313,109,0,0,1801,-200,80,1,10800,32,0
$JT,S,167329,167331,110,1,0,1389,-700,164,11,10900,31,0
$JT,S,167331,167333,110,2,0,3001,-300,156,4,11000,34,0
$JT,S,167348,167350,111,3,0,2165,-250,88,1,10900,34,0
$JT,S,167350,167352,111,4,0,2461,-450,44,1,10900,31,0
$JT,P,480,12,768
$JT,S,167368,167370,112,5,0,945,0,-68,2,11000,32,0
$JT,S,167370,167372,112,6,0,2251,250,-24,0,10900,32,0
$JT,S,167389,167391,113,7,0,1402,300,-48,2,10900,30,0
$JT,S,167391,167393,113,8,0,3108,0,24,1,10900,35,0
$JT,S,167409,167411,114,9,0,1886,100,-40,0,10900,33,0
$JT,S,167411,167413,114,10,0,2985,650,-116,8,10800,32,0
$JT,S,167427,167429,115,11,0,1076,650,-272,4,10800,34,0
$JT,S,167429,167431,115,0,0,1788,0,36,0,10800,32,0
$JT,S,167447,167449,116,1,0,1313,-600,84,3,10900,31,0
$JT,S,167449,167451,116,2,0,2935,-750,260,21,10900,34,0
$JT,S,167465,167467,117,3,0,2158,0,60,1,10900,34,0
$JT,S,167467,167469,117,4,0,2420,-500,96,3,10900,31,0
$JT,P,492,12,768
$JT,S,167485,167487,118,5,0,972,300,-208,5,11000,32,0
$JT,S,167487,167489,118,6,0,2252,0,56,1,10900,32,0
$JT,S,167505,167507,119,7,0,1449,350,-20,0,10900,30,0
$JT,S,167507,167509,119,8,0,3076,-500,192,2,10900,35,0
$JT,S,167525,167527,120,9,0,1886,0,-48,1,10900,33,0
$JT,S,167527,167529,120,10,0,3015,0,-16,0,10900,32,0
$JT,S,167547,167549,121,11,0,1158,600,-180,0,10800,34,0
$JT,S,167549,167551,121,0,0,1788,0,32,0,10800,32,0
$JT,S,167567,167569,122,1,0,1299,-50,84,5,10900,31,0
$JT,S,167569,167571,122,2,0,2861,-500,132,5,11000,34,0
$JT,S,167587,167589,123,3,0,2156,0,-24,0,11000,34,0
$JT,S,167589,167591,123,4,0,2402,50,-48,3,10900,31,0
$JT,P,504,12,768
$JT,S,167607,167609,124,5,0,1026,250,-48,0,11000,32,0
$JT,S,167609,167611,124,6,0,2249,-50,96,2,10900,32,0
$JT,S,167627,167629,125,7,0,1447,-150,68,3,10900,30,0
$JT,S,167629,167631,125,8,0,3033,-150,-20,0,10800,35,0
$JT,S,167649,167651,126,9,0,1880,-200,80,1,10900,33,0
$JT,S,167651,167653,126,10,0,3061,650,-112,4,10800,32,0
$JT,S,167669,167671,127,11,0,1190,0,100,2,10800,34,0
$JT,S,167671,167673,127,0,0,1788,0,-84,3,10800,32,0
$JT,S,167689,167691,128,1,0,1249,-350,-76,4,10900,31,0
$JT,S,167691,167693,128,2,0,2846,150,-160,5,10900,34,0
$JT,S,167709,167711,129,3,0,2168,150,-72,0,11000,48,0
$JT,S,167711,167713,129,4,0,2439,500,-132,5,10900,31,0
$JT,P,516,12,768
$JT,S,167723,167725,130,5,0,1026,0,76,1,10900,32,0
$JT,S,167725,167727,130,6,0,2232,-150,124,3,10900,32,0
$JT,S,167743,167745,131,7,0,1401,-500,92,4,10900,30,0
$JT,S,167745,167747,131,8,0,3032,0,28,1,10900,35,0
$JT,S,167763,167765,132,9,0,1859,-200,44,0,10900,33,0
$JT,S,167765,167767,132,10,0,3018,-1000,116,2,10900,32,0
$JT,S,167783,167785,133,11,0,1142,-700,284,4,10800,34,0
$JT,S,167785,167787,133,0,0,1805,150,-60,1,10800,32,0
$JT,S,167803,167805,134,1,0,1327,450,8,1,10900,31,0
$JT,S,167805,167807,134,2,0,2911,750,-336,11,10900,34,0
$JT,S,167823,167825,135,3,0,2180,0,-24,0,10900,34,0
$JT,S,167825,167827,135,4,0,2472,0,-8,0,10900,31,0
$JT,P,528,12,768
$JT,S,167843,167845,136,5,0,1021,-50,28,0,11000,32,0
$JT,S,167845,167847,136,6,0,2222,0,56,1,10900,32,0
$JT,S,167863,167865,137,7,0,1391,0,16,0,10900,30,0
$JT,S,167865,167867,137,8,0,3032,0,24,0,10900,35,0
$JT,S,167883,167885,138,9,0,1856,0,24,1,10900,33,0
$JT,S,167885,167887,138,10,0,3001,0,-16,0,10900,32,0
$JT,S,167903,167905,139,11,0,1036,-950,260,1,10800,34,0
$JT,S,167905,167907,139,0,0,1807,0,-56,1,10800,32,0
$JT,S,167923,167925,140,1,0,1328,0,16,1,10900,31,0
$JT,S,167925,167927,140,2,0,3009,750,-208,5,11000,34,0
$JT,S,167946,167948,141,3,0,2181,0,0,0,11000,34,0
$JT,S,167948,167950,141,4,0,2472,0,-8,1,10900,31,0
$JT,P,540,12,768
$JT,S,167966,167968,142,5,0,1021,0,32,0,11000,32,0
$JT,S,167968,167970,142,6,0,2221,0,56,1,10900,32,0
$JT,S,167986,167988,143,7,0,1390,0,36,1,10900,30,0
$JT,S,167988,167990,143,8,0,3032,0,24,1,10900,35,0
$JT,S,168007,168009,144,9,0,1856,0,44,1,10900,33,0
$JT,S,168009,168011,144,10,0,2995,-150,32,0,10900,32,0
$JT,S,168027,168029,145,11,0,970,-300,136,2,10800,34,0
$JT,S,168029,168031,145,0,0,1808,0,-64,1,10800,32,0
$JT,S,168047,168049,146,1,0,1342,250,-72,3,10900,57,0
$JT,S,168049,168051,146,2,0,3054,250,-112,3,11000,34,0
$JT,S,168067,168069,147,3,0,2182,0,-52,1,11000,34,0
$JT,S,168069,168071,147,4,0,2480,150,-56,3,10900,31,0
$JT,P,552,12,768
$JT,S,168087,168089,148,5,0,1021,0,32,0,11000,32,0
$JT,S,168089,168091,148,6,0,2217,-100,68,1,10900,32,0
$JT,S,168109,168111,149,7,0,1371,-250,56,2,10900,30,0
$JT,S,168111,168113,149,8,0,3032,0,56,2,10900,35,0
$JT,S,168129,168131,150,9,0,1847,-150,40,0,10900,33,0
$JT,S,168131,168133,150,10,0,2944,-600,136,6,10800,32,0
$JT,S,168147,168149,151,11,0,932,-350,136,2,10800,34,0
$JT,S,168149,168151,151,0,0,1815,150,-76,2,10800,32,0
$JT,S,168167,168169,152,1,0,1414,700,-160,7,10800,31,0
$JT,S,168169,168171,152,2,0,3087,250,-112,2,11000,34,0
$JT,S,168187,168189,153,3,0,2193,100,-64,1,10900,34,0
$JT,S,168189,168191,153,4,0,2521,500,-120,7,10900,31,0
$JT,P,564,12,768
$JT,S,168207,168209,154,5,0,1021,0,-56,1,11000,32,0
$JT,S,168209,168211,154,6,0,2203,-150,96,2,10900,32,0
$JT,S,168229,168231,155,7,0,1322,-500,128,8,10900,30,0
$JT,S,168231,168233,155,8,0,3016,-150,88,2,10900,35,0
$JT,S,168249,168251,156,9,0,1829,-200,72,1,10900,33,0
$JT,S,168251,168253,156,10,0,2850,-800,128,4,10900,32,0
$JT,S,168269,168271,157,11,0,903,-100,36,0,10800,34,0
$JT,S,168271,168273,157,0,0,1835,250,-124,3,10800,32,0
$JT,S,168289,168291,158,1,0,1511,700,-108,5,10900,31,0
$JT,S,168291,168293,158,2,0,3100,0,24,0,11000,34,0
$JT,S,168308,168310,159,3,0,2216,250,-92,1,10900,42,0
$JT,S,168310,168312,159,4,0,2604,750,-176,9,10800,31,0
$JT,P,576,12,768
$JT,S,168328,168330,160,5,0,1049,350,-156,3,11000,32,0
$JT,S,168330,168332,160,6,0,2176,-250,104,2,10900,32,0
$JT,S,168349,168351,161,7,0,1242,-750,156,10,10900,30,0
$JT,S,168351,168353,161,8,0,2973,-450,228,4,10900,35,0
$JT,S,168369,168371,162,9,0,1804,-150,0,0,10900,33,0
$JT,S,168371,168373,162,10,0,2793,-350,56,2,10900,32,0
$JT,S,168387,168389,163,11,0,903,0,-48,1,10800,34,0
$JT,S,168389,168391,163,0,0,1858,50,-64,1,10800,32,0
$JT,S,168407,168409,164,1,0,1559,300,-76,4,10900,31,0
$JT,S,168409,168411,164,2,0,3091,-150,116,3,11000,34,0
$JT,S,168427,168429,165,3,0,2228,0,-40,0,10900,34,0
$JT,S,168429,168431,165,4,0,2687,500,-60,2,10900,31,0
$JT,P,588,12,768
$JT,S,168446,168448,166,5,0,1121,750,-264,2,11000,32,0
$JT,S,168448,168450,166,6,0,2167,-100,36,1,10900,32,0
$JT,S,168466,168468,167,7,0,1184,-300,24,1,10900,30,0
$JT,S,168468,168470,167,8,0,2888,-750,240,2,10900,35,0
$JT,S,168484,168486,168,9,0,1803,0,-52,1,10900,33,0
$JT,S,168486,168488,168,10,0,2747,-350,24,0,10900,32,0
$JT,S,168506,168508,169,11,0,942,500,-176,1,10800,34,0
$JT,S,168508,168510,169,0,0,1862,50,-52,1,10800,32,0
$JT,S,168526,168528,170,1,0,1598,100,16,1,10900,31,0
$JT,S,168528,168530,170,2,0,3039,-550,144,2,11000,34,0
$JT,S,168547,168549,171,3,0,2230,0,0,1,10900,34,0
$JT,S,168549,168551,171,4,0,2697,50,-64,4,10900,31,0
$JT,P,600,12,768
$JT,S,168567,168569,172,5,0,1191,500,-100,0,11000,32,0
$JT,S,168569,168571,172,6,0,2167,0,-20,0,10900,32,0
$JT,S,168587,168589,173,7,0,1172,-200,140,11,11000,30,0
$JT,S,168589,168591,173,8,0,2827,-300,72,1,10900,35,0
$JT,S,168607,168609,174,9,0,1806,100,-108,3,10900,33,0
$JT,S,168609,168611,174,10,0,2747,50,-40,2,10900,32,0
$JT,S,168627,168629,175,11,0,978,100,20,0,10800,34,0
$JT,S,168629,168631,175,0,0,1862,0,80,1,10800,32,0
$JT,S,168647,168649,176,1,0,1584,-250,72,4,10900,31,0
$JT,S,168649,168651,176,2,0,3017,0,-40,1,11000,34,0
$JT,S,168669,168671,177,3,0,2227,-100,76,2,11000,34,0
$JT,S,168671,168673,177,4,0,2748,400,-4,0,10900,31,0
$JT,P,612,12,768
$JT,S,168689,168691,178,5,0,1194,-100,184,6,10900,32,0
$JT,S,168691,168693,178,6,0,2182,200,-64,1,10900,32,0
$JT,S,168709,168711,179,7,0,1128,-50,-128,9,11000,30,0
$JT,S,168711,168713,179,8,0,2838,350,-204,5,10900,35,0
$JT,S,168729,168731,180,9,0,1826,150,-100,3,10900,33,0
$JT,S,168731,168733,180,10,0,2786,500,-136,9,10800,32,0
$JT,S,168743,168745,181,11,0,978,0,-36,1,10800,34,0
$JT,S,168745,168747,181,0,0,1843,-200,76,1,10800,32,0
$JT,S,168763,168765,182,1,0,1527,-700,132,7,10900,31,0
$JT,S,168765,168767,182,2,0,3023,100,-44,1,10900,34,0
$JT,S,168783,168785,183,3,0,2208,-200,76,1,11000,34,0
$JT,S,168785,168787,183,4,0,2659,-1400,176,0,10900,31,0
$JT,P,624,12,768
$JT,S,168803,168805,184,5,0,1120,-900,344,5,11000,32,0
$JT,S,168805,168807,184,6,0,2203,150,0,0,10900,32,0
$JT,S,168823,168825,185,7,0,1233,700,0,0,10900,30,0
$JT,S,168825,168827,185,8,0,2922,950,-368,7,10900,35,0
$JT,S,168843,168845,186,9,0,1840,50,-48,1,10900,33,0
$JT,S,168845,168847,186,10,0,2823,50,0,0,10900,32,0
$JT,S,168866,168868,187,11,0,980,0,-24,0,10800,34,0
$JT,S,168868,168870,187,0,0,1833,0,24,0,10800,32,0
$JT,S,168886,168888,188,1,0,1511,0,16,1,10900,31,0
$JT,S,168888,168890,188,2,0,3025,0,-32,0,11000,34,0
$JT,S,168906,168908,189,3,0,2204,0,56,1,11000,34,0
$JT,S,168908,168910,189,4,0,2630,0,16,0,10900,31,0
$JT,P,636,12,768
$JT,S,168926,168928,190,5,0,1010,-800,196,3,11000,32,0
$JT,S,168928,168930,190,6,0,2204,0,-36,1,10900,32,0
$JT,S,168946,168948,191,7,0,1240,100,-8,0,10900,30,0
$JT,S,168948,168950,191,8,0,3031,700,-220,1,10900,35,0
$JT,S,168966,168968,192,9,0,1840,0,-56,2,10900,33,0
$JT,S,168968,168970,192,10,0,2824,100,-16,0,10900,32,0
$JT,S,168986,168988,193,11,0,980,0,-24,0,10800,34,0
$JT,S,168988,168990,193,0,0,1833,0,40,1,10800,32,0
$JT,S,169007,169009,194,1,0,1507,-50,36,1,10900,31,0
$JT,S,169009,169011,194,2,0,3025,0,-32,1,11000,34,0
$JT,S,169027,169029,195,3,0,2203,0,64,1,11000,34,0
$JT,S,169029,169031,195,4,0,2614,-150,44,1,10900,31,0
$JT,P,648,12,768
$JT,S,169047,169049,196,5,0,964,-250,88,0,11000,32,0
$JT,S,169049,169051,196,6,0,2208,50,-32,0,10900,32,0
$JT,S,169067,169069,197,7,0,1261,300,-76,2,10900,30,0
$JT,S,169069,169071,197,8,0,3081,250,-96,2,10900,35,0
$JT,S,169087,169089,198,9,0,1843,50,-88,2,10900,33,0
$JT,S,169089,169091,198,10,0,2837,250,-56,2,10900,32,0
$JT,S,169107,169109,199,11,0,980,0,-72,0,10800,34,0
$JT,S,169109,169111,199,0,0,1825,-100,28,0,10800,32,0
$JT,S,169127,169129,200,1,0,1485,-250,96,9,10900,31,0
$JT,S,169129,169131,200,2,0,3025,0,24,1,10900,34,0
$JT,S,169147,169149,201,3,0,2196,-150,72,1,11000,34,0
$JT,S,169149,169151,201,4,0,2560,-550,112,4,10900,31,0
$JT,P,660,12,768
$JT,S,169167,169169,202,5,0,947,-150,48,0,10900,32,0
$JT,S,169169,169171,202,6,0,2216,150,-68,1,10900,32,0
$JT,S,169187,169189,203,7,0,1325,650,-124,3,10900,30,0
$JT,S,169189,169191,203,8,0,3104,150,-56,0,10900,35,0
$JT,S,169207,169209,204,9,0,1856,150,-104,2,10900,33,0
$JT,S,169209,169211,204,10,0,2880,500,-120,6,10900,32,0
$JT,S,169229,169231,205,11,0,999,200,-100,0,10800,34,0
$JT,S,169231,169233,205,0,0,1811,-150,80,1,10800,32,0
$JT,S,169249,169251,206,1,0,1423,-600,152,11,10900,31,0
$JT,S,169251,169253,206,2,0,3014,-150,104,3,11000,34,0
$JT,S,169269,169271,207,3,0,2176,-200,120,3,11000,34,0
$JT,S,169271,169273,207,4,0,2483,-500,76,2,10900,31,0
$JT,P,672,12,768
$JT,S,169289,169291,208,5,0,945,0,-48,1,11000,32,0
$JT,S,169291,169293,208,6,0,2241,250,-96,1,10900,33,0
$JT,S,169308,169310,209,7,0,1387,400,-68,1,10900,30,0
$JT,S,169310,169312,209,8,0,3108,0,-28,1,10900,35,0
$JT,S,169328,169330,210,9,0,1881,200,-80,1,10900,33,0
$JT,S,169330,169332,210,10,0,2952,700,-152,9,10900,32,0
$JT,S,169349,169351,211,11,0,1045,500,-236,3,10800,34,0
$JT,S,169351,169353,211,0,0,1789,-100,24,0,10800,32,0
$JT,S,169369,169371,212,1,0,1338,-700,132,10,10900,31,0
$JT,S,169371,169373,212,2,0,2967,-450,232,5,11000,34,0
$JT,S,169387,169389,213,3,0,2159,0,56,1,10900,34,0
$JT,S,169389,169391,213,4,0,2442,-250,84,2,10900,31,0
$JT,P,684,12,768
$JT,S,169407,169409,214,5,0,957,200,-128,3,11000,32,0
$JT,S,169409,169411,214,6,0,2252,0,0,0,10900,32,0
$JT,S,169427,169429,215,7,0,1428,450,-92,2,10900,30,0
$JT,S,169429,169431,215,8,0,3098,-350,168,3,10900,35,0
$JT,S,169445,169447,216,9,0,1886,0,-40,1,10900,33,0
$JT,S,169447,169449,216,10,0,3012,350,-32,1,10900,32,0
$JT,S,169465,169467,217,11,0,1127,750,-244,3,10800,34,0
$JT,S,169467,169469,217,0,0,1788,0,32,0,10800,32,0
$JT,S,169484,169486,218,1,0,1303,-100,28,1,10900,31,0
$JT,S,169486,169488,218,2,0,2888,-700,224,13,10900,33,0
$JT,S,169505,169507,219,3,0,2157,0,48,1,11000,34,0
$JT,S,169507,169509,219,4,0,2401,-200,-8,0,10900,31,0
$JT,P,696,12,768
$JT,S,169525,169528,220,5,0,1010,600,-124,0,11000,32,0
$JT,S,169528,169530,220,6,0,2252,0,48,0,10900,32,0
$JT,S,169547,169549,221,7,0,1453,0,36,0,10900,30,0
$JT,S,169549,169551,221,8,0,3043,-350,100,0,10900,35,0
$JT,S,169567,169569,222,9,0,1886,0,20,0,10900,33,0
$JT,S,169569,169571,222,10,0,3022,100,-92,9,10900,32,0
$JT,S,169587,169589,223,11,0,1183,250,-72,0,10800,34,0
$JT,S,169589,169591,223,0,0,1785,0,-40,1,10800,32,0
$JT,S,169607,169609,224,1,0,1279,-400,132,13,10900,31,0
$JT,S,169609,169611,224,2,0,2844,-150,-28,0,11000,34,0
$JT,S,169627,169629,225,3,0,2158,50,-68,1,11000,34,0
$JT,S,169629,169631,225,4,0,2412,150,-60,3,10900,31,0
$JT,P,708,12,768
$JT,S,169649,169651,226,5,0,1028,0,48,0,11000,32,0
$JT,S,169651,169653,226,6,0,2242,-150,100,2,10900,32,0
$JT,S,169668,169670,227,7,0,1433,-350,88,5,10900,30,0
$JT,S,169670,169672,227,8,0,3033,0,20,0,10900,35,0
$JT,S,169689,169691,228,9,0,1871,-200,80,1,10900,33,0
$JT,S,169691,169693,228,10,0,3070,-100,104,7,10800,32,0
$JT,S,169709,169711,229,11,0,1168,-400,224,5,10800,34,0
$JT,S,169711,169713,229,0,0,1795,150,-112,3,10800,32,0
$JT,S,169729,169731,230,1,0,1283,650,-240,14,10800,31,0
$JT,S,169731,169733,230,2,0,2876,450,-268,9,10900,34,0
$JT,S,169743,169745,231,3,0,2176,200,-80,1,10900,34,0
$JT,S,169745,169747,231,4,0,2466,600,-180,9,10800,31,0
$JT,P,720,12,768
$JT,S,169763,169765,232,5,0,1023,0,36,1,10900,32,0
$JT,S,169765,169767,232,6,0,2223,-200,132,3,10900,32,0
$JT,S,169783,169785,233,7,0,1370,-600,56,1,10900,30,0
$JT,S,169785,169787,233,8,0,3028,-100,-28,1,10900,35,0
$JT,S,169803,169805,234,9,0,1848,-200,0,0,10900,33,0
$JT,S,169805,169807,234,10,0,2947,-1300,76,0,10900,32,0
$JT,S,169823,169825,235,11,0,1079,-1050,380,8,10800,34,0
$JT,S,169825,169827,235,0,0,1814,150,-52,1,10800,32,0
$JT,S,169843,169845,236,1,0,1396,400,8,1,10900,31,0
$JT,S,169845,169847,236,2,0,2976,1000,-340,11,11000,34,0
$JT,S,169863,169865,237,3,0,2189,50,0,0,11000,34,0
$JT,S,169865,169867,237,4,0,2500,0,-8,0,10900,31,0
$JT,P,732,12,768
$JT,S,169883,169885,238,5,0,1023,0,40,0,11000,32,0
$JT,S,169885,169887,238,6,0,2211,0,48,1,10900,32,0
$JT,S,169903,169905,239,7,0,1364,0,8,0,10900,30,0
$JT,S,169905,169907,239,8,0,3028,0,0,0,10900,35,0
$JT,S,169923,169925,240,9,0,1846,0,0,0,10900,33,0
$JT,S,169925,169927,240,10,0,2935,0,-16,0,10900,32,0
$JT,S,169943,169945,241,11,0,967,-700,208,1,10800,34,0
$JT,S,169945,169947,241,0,0,1815,0,-56,1,10800,32,0
$JT,S,169963,169965,242,1,0,1397,0,16,1,10900,31,0
$JT,S,169965,169967,242,2,0,3066,550,-156,3,11000,34,0
$JT,S,169986,169988,243,3,0,2189,0,0,0,11000,34,0
$JT,S,169988,169990,243,4,0,2500,0,-8,0,10900,31,0
$JT,P,744,12,768
$JT,S,170006,170008,244,5,0,1023,0,40,0,11000,32,0
$JT,S,170008,170010,244,6,0,2210,0,40,0,10900,32,0
$JT,S,170027,170029,245,7,0,1364,-50,36,1,10900,30,0
$JT,S,170029,170031,245,8,0,3028,0,28,1,10900,35,0
$JT,S,170047,170049,246,9,0,1846,0,44,1,10900,33,0
$JT,S,170049,170051,246,10,0,2929,-150,32,0,10900,32,0
$JT,S,170067,170069,247,11,0,921,-200,72,1,10800,34,0
$JT,S,170069,170071,247,0,0,1815,0,-76,3,10800,32,0
$JT,S,170087,170089,248,1,0,1413,250,-76,2,10900,31,0
$JT,S,170089,170091,248,2,0,3092,100,-64,3,11000,34,0
$JT,S,170107,170109,249,3,0,2189,0,-60,0,11000,34,0
$JT,S,170109,170111,249,4,0,2512,200,-56,2,10900,31,0
$JT,P,756,12,768
$JT,S,170127,170129,250,5,0,1023,0,-20,0,11000,32,0
$JT,S,170129,170131,250,6,0,2207,-50,80,2,10900,32,0
$JT,S,170147,170149,251,7,0,1343,-300,88,7,10900,30,0
$JT,S,170149,170151,251,8,0,3022,-150,28,0,10900,35,0
$JT,S,170167,170169,252,9,0,1837,-100,56,1,10900,33,0
$JT,S,170169,170171,252,10,0,2881,-450,104,3,10900,32,0
$JT,S,170187,170189,253,11,0,906,-100,64,1,10800,34,0
$JT,S,170189,170191,253,0,0,1826,50,-92,2,10800,32,0
$JT,S,170207,170209,254,1,0,1475,600,-104,4,10900,31,0
$JT,S,170209,170211,254,2,0,3101,50,0,0,11000,34,0
$JT,S,170227,170229,255,3,0,2204,150,-68,1,11000,34,0
$JT,S,170229,170231,255,4,0,2558,500,-136,10,10900,31,0
$JT,END
