$JT,M,1,231,462,0,0,23,3400,254
$JT,R,s-native-v6-2-7-v76
$JT,J,0,1,1929,-1
$JT,J,1,2,2077,-1
$JT,J,2,3,1965,1
$JT,J,3,4,2089,1
$JT,J,4,5,1922,1
$JT,J,5,6,2081,-1
$JT,J,6,7,2104,-1
$JT,J,7,8,1942,-1
$JT,J,8,9,1964,1
$JT,J,9,10,1951,1
$JT,J,10,11,2255,1
$JT,J,11,12,2046,-1
$JT,P,0,12,693
$JT,C,0,32871,32871,1929,1554,2989,2089,2445,1057,2104,1419,2988,1951,2778,1022
$JT,C,1,32892,32893,1929,1554,2989,2089,2445,1057,2104,1419,2988,1951,2778,1022
$JT,C,2,32913,32913,1929,1554,2989,2089,2447,1055,2104,1417,2990,1951,2778,1022
$JT,C,3,32933,32933,1929,1554,2989,2089,2450,1050,2104,1414,2995,1951,2778,1022
$JT,C,4,32951,32952,1929,1554,2989,2089,2454,1042,2104,1410,3003,1951,2778,1022
$JT,C,5,32971,32972,1929,1554,2989,2090,2460,1032,2104,1404,3013,1951,2778,1022
$JT,C,6,32992,32993,1929,1554,2989,2091,2469,1018,2104,1396,3026,1951,2778,1022
$JT,C,7,33012,33013,1929,1554,2989,2092,2478,1004,2104,1387,3039,1951,2778,1022
$JT,C,8,33032,33033,1929,1554,2989,2094,2487,989,2104,1378,3054,1951,2778,1022
$JT,C,9,33052,33053,1929,1555,2989,2095,2498,975,2104,1369,3067,1951,2777,1022
$JT,C,10,33072,33073,1929,1555,2989,2097,2506,963,2104,1361,3078,1951,2777,1022
$JT,C,11,33091,33092,1929,1555,2989,2099,2513,953,2104,1354,3086,1951,2777,1022
$JT,P,12,12,693
$JT,C,12,33111,33112,1929,1555,2989,2103,2518,947,2104,1349,3092,1951,2777,1022
$JT,C,13,33131,33132,1929,1555,2989,2106,2523,943,2104,1347,3094,1951,2778,1022
$JT,C,14,33151,33152,1929,1554,2989,2109,2525,941,2104,1345,3094,1951,2778,1022
$JT,C,15,33171,33172,1929,1554,2989,2114,2528,940,2104,1342,3094,1951,2778,1022
$JT,C,16,33191,33192,1929,1552,2989,2119,2531,938,2104,1341,3094,1951,2780,1022
$JT,C,17,33211,33212,1929,1551,2989,2123,2533,935,2104,1340,3094,1951,2781,1022
$JT,C,18,33231,33232,1929,1550,2989,2128,2535,933,2104,1339,3094,1951,2782,1022
$JT,C,19,33251,33252,1929,1548,2989,2133,2538,932,2104,1338,3094,1951,2784,1022
$JT,C,20,33271,33272,1929,1547,2989,2139,2539,930,2104,1338,3094,1951,2786,1022
$JT,C,21,33291,33292,1929,1543,2989,2146,2540,927,2104,1338,3094,1951,2789,1022
$JT,C,22,33311,33312,1929,1541,2989,2152,2541,925,2104,1338,3094,1951,2792,1022
$JT,C,23,33331,33332,1929,1538,2989,2158,2542,923,2104,1339,3094,1951,2795,1022
$JT,P,24,12,693
$JT,C,24,33351,33352,1929,1534,2988,2165,2542,920,2104,1340,3094,1951,2799,1023
$JT,C,25,33371,33372,1929,1530,2988,2172,2542,918,2104,1341,3094,1951,2802,1023
$JT,C,26,33391,33392,1929,1525,2988,2179,2542,916,2104,1342,3094,1951,2807,1023
$JT,C,27,33411,33412,1929,1521,2987,2186,2541,915,2104,1345,3094,1951,2811,1024
$JT,C,28,33431,33432,1929,1516,2987,2194,2540,913,2104,1347,3094,1951,2816,1024
$JT,C,29,33451,33452,1929,1512,2986,2201,2539,911,2104,1349,3094,1951,2820,1025
$JT,C,30,33471,33472,1929,1506,2984,2207,2538,910,2104,1351,3094,1951,2825,1027
$JT,C,31,33491,33492,1929,1500,2983,2214,2536,909,2104,1354,3094,1951,2831,1028
$JT,C,32,33511,33512,1929,1496,2982,2222,2534,908,2104,1357,3094,1951,2835,1029
$JT,C,33,33531,33532,1929,1490,2980,2229,2532,907,2104,1359,3095,1951,2840,1030
$JT,C,34,33551,33552,1929,1485,2979,2235,2531,906,2104,1362,3095,1951,2844,1031
$JT,C,35,33571,33572,1929,1481,2978,2241,2528,906,2104,1365,3095,1951,2849,1033
$JT,P,36,12,693
$JT,C,36,33591,33592,1929,1476,2975,2247,2527,905,2104,1367,3094,1951,2852,1035
$JT,C,37,33611,33612,1929,1472,2974,2253,2525,905,2104,1370,3094,1951,2857,1036
$JT,C,38,33631,33632,1929,1468,2972,2259,2524,905,2104,1372,3094,1951,2860,1037
$JT,C,39,33651,33652,1929,1465,2971,2263,2522,905,2104,1374,3094,1951,2864,1039
$JT,C,40,33671,33672,1929,1461,2969,2269,2520,905,2104,1377,3094,1951,2866,1040
$JT,C,41,33691,33692,1929,1458,2967,2272,2519,905,2104,1378,3094,1951,2869,1041
$JT,C,42,33711,33712,1929,1456,2966,2277,2518,905,2104,1380,3094,1951,2872,1042
$JT,C,43,33731,33732,1929,1453,2965,2280,2516,908,2104,1382,3092,1951,2873,1044
$JT,C,44,33751,33752,1929,1452,2964,2282,2511,914,2104,1387,3086,1951,2874,1044
$JT,C,45,33771,33772,1929,1450,2963,2286,2507,922,2104,1392,3077,1951,2876,1045
$JT,C,46,33791,33792,1929,1449,2962,2288,2499,934,2104,1399,3065,1951,2876,1045
$JT,C,47,33813,33813,1929,1448,2962,2289,2491,949,2104,1407,3051,1951,2877,1046
$JT,P,48,12,693
$JT,C,48,33833,33833,1929,1448,2962,2292,2483,964,2104,1416,3036,1951,2877,1046
$JT,C,49,33853,33853,1929,1447,2961,2292,2475,978,2104,1424,3021,1951,2877,1046
$JT,C,50,33873,33873,1929,1447,2961,2293,2468,992,2104,1432,3007,1951,2879,1046
$JT,C,51,33891,33892,1929,1447,2961,2294,2462,1002,2104,1438,2997,1951,2879,1046
$JT,C,52,33911,33912,1929,1446,2961,2294,2459,1009,2104,1441,2991,1951,2879,1046
$JT,C,53,33931,33932,1929,1446,2961,2294,2458,1011,2104,1444,2988,1951,2877,1046
$JT,C,54,33951,33952,1929,1446,2961,2294,2458,1013,2104,1444,2987,1951,2877,1046
$JT,C,55,33971,33972,1929,1446,2961,2294,2458,1013,2104,1444,2987,1951,2877,1046
$JT,C,56,33991,33992,1929,1444,2962,2294,2458,1013,2104,1444,2987,1951,2879,1044
$JT,C,57,34011,34012,1929,1441,2967,2294,2458,1013,2104,1444,2987,1951,2882,1038
$JT,C,58,34031,34032,1929,1436,2976,2294,2458,1013,2104,1444,2987,1951,2886,1030
$JT,C,59,34053,34053,1929,1430,2989,2293,2459,1013,2104,1443,2988,1951,2892,1017
$JT,P,60,12,693
$JT,C,60,34073,34073,1928,1422,3004,2293,2460,1013,2105,1443,2988,1950,2900,1002
$JT,C,61,34093,34093,1928,1414,3021,2292,2461,1011,2105,1440,2988,1950,2908,986
$JT,C,62,34113,34113,1927,1407,3037,2292,2462,1011,2106,1439,2989,1949,2916,969
$JT,C,63,34133,34133,1926,1400,3052,2290,2465,1011,2107,1437,2990,1948,2922,954
$JT,C,64,34152,34153,1924,1397,3064,2289,2467,1011,2109,1433,2990,1946,2925,942
$JT,C,65,34172,34173,1922,1395,3073,2287,2469,1011,2111,1431,2991,1944,2927,933
$JT,C,66,34191,34192,1921,1397,3080,2286,2472,1011,2112,1427,2993,1943,2926,928
$JT,C,67,34211,34212,1919,1400,3083,2284,2475,1010,2114,1423,2994,1941,2923,924
$JT,C,68,34231,34232,1916,1403,3086,2281,2478,1010,2117,1419,2995,1938,2919,922
$JT,C,69,34253,34253,1914,1408,3089,2279,2482,1010,2119,1414,2996,1936,2916,920
$JT,C,70,34273,34273,1912,1413,3091,2277,2485,1010,2121,1408,2997,1934,2911,917
$JT,C,71,34293,34293,1910,1417,3095,2273,2490,1010,2123,1403,2998,1932,2908,914
$JT,P,72,12,693
$JT,C,72,34313,34313,1906,1422,3098,2271,2494,1010,2127,1397,2999,1928,2904,912
$JT,C,73,34333,34333,1903,1426,3101,2268,2499,1010,2130,1391,3001,1925,2899,909
$JT,C,74,34353,34353,1899,1432,3103,2264,2502,1011,2134,1386,3002,1921,2896,907
$JT,C,75,34373,34373,1896,1436,3106,2261,2507,1011,2137,1380,3003,1918,2891,905
$JT,C,76,34393,34393,1893,1441,3108,2257,2511,1013,2140,1373,3004,1915,2888,903
$JT,C,77,34411,34412,1889,1446,3111,2254,2516,1013,2144,1367,3005,1911,2883,900
$JT,C,78,34431,34432,1886,1450,3113,2251,2520,1014,2147,1362,3005,1908,2880,898
$JT,C,79,34451,34452,1882,1455,3115,2246,2525,1015,2151,1355,3006,1904,2876,896
$JT,C,80,34471,34472,1878,1459,3116,2243,2528,1016,2155,1349,3006,1900,2873,895
$JT,C,81,34491,34492,1874,1464,3119,2239,2533,1017,2159,1344,3006,1896,2869,892
$JT,C,82,34511,34512,1871,1467,3120,2236,2536,1018,2162,1338,3006,1893,2866,891
$JT,C,83,34531,34532,1868,1472,3122,2231,2540,1019,2165,1333,3006,1890,2864,889
$JT,P,84,12,693
$JT,C,84,34551,34552,1863,1475,3123,2228,2543,1021,2170,1328,3006,1885,2861,888
$JT,C,85,34571,34572,1860,1479,3124,2224,2547,1023,2173,1323,3006,1882,2859,887
$JT,C,86,34591,34592,1856,1481,3126,2221,2550,1024,2177,1318,3005,1878,2857,885
$JT,C,87,34611,34612,1853,1484,3127,2218,2552,1025,2180,1314,3005,1875,2855,884
$JT,C,88,34631,34632,1850,1486,3127,2215,2555,1027,2183,1311,3005,1872,2853,883
$JT,C,89,34651,34652,1847,1489,3128,2212,2557,1029,2186,1307,3004,1869,2851,883
$JT,C,90,34671,34672,1845,1491,3129,2208,2559,1030,2188,1304,3004,1867,2850,882
$JT,C,91,34691,34692,1841,1493,3129,2206,2560,1032,2192,1300,3003,1863,2849,881
$JT,C,92,34711,34712,1839,1494,3130,2204,2563,1033,2194,1298,3003,1861,2848,881
$JT,C,93,34731,34732,1837,1496,3130,2202,2564,1034,2196,1296,3003,1859,2847,880
$JT,C,94,34751,34752,1836,1497,3130,2199,2566,1035,2197,1293,3002,1858,2846,881
$JT,C,95,34771,34772,1833,1499,3128,2198,2567,1037,2200,1291,3002,1855,2843,883
$JT,P,96,12,693
$JT,C,96,34791,34792,1832,1504,3122,2197,2568,1038,2201,1290,3002,1854,2840,888
$JT,C,97,34811,34812,1831,1508,3113,2195,2568,1038,2202,1289,3002,1853,2834,897
$JT,C,98,34831,34832,1830,1515,3102,2194,2569,1039,2203,1288,3001,1852,2827,909
$JT,C,99,34853,34853,1829,1523,3088,2194,2571,1040,2204,1288,3001,1851,2819,923
$JT,C,100,34868,34869,1829,1523,3088,2194,2571,1040,2204,1288,3001,1851,2819,923
$JT,C,101,34887,34887,1829,1522,3089,2194,2571,1040,2204,1288,3001,1851,2820,921
$JT,C,102,34907,34907,1829,1521,3093,2194,2571,1040,2204,1288,3001,1851,2822,917
$JT,C,103,34927,34927,1829,1517,3097,2194,2571,1040,2204,1288,3001,1851,2824,913
$JT,C,104,34947,34947,1829,1515,3102,2194,2571,1040,2204,1288,3001,1851,2826,909
$JT,C,105,34967,34967,1829,1514,3105,2194,2571,1040,2204,1288,3001,1851,2828,906
$JT,C,106,34987,34987,1829,1513,3106,2194,2571,1040,2204,1288,3001,1851,2830,904
$JT,C,107,35007,35007,1829,1513,3107,2194,2571,1040,2204,1288,3001,1851,2830,904
$JT,P,108,12,693
$JT,C,108,35027,35027,1830,1513,3106,2194,2571,1040,2204,1288,3001,1852,2830,904
$JT,C,109,35047,35047,1839,1512,3105,2194,2571,1040,2204,1288,3001,1861,2830,906
$JT,C,110,35067,35067,1856,1509,3101,2194,2571,1040,2204,1288,3001,1878,2830,910
$JT,C,111,35088,35089,1879,1508,3093,2194,2571,1040,2204,1288,3001,1901,2828,918
$JT,C,112,35108,35109,1902,1508,3083,2194,2571,1040,2204,1288,3001,1924,2826,928
$JT,C,113,35128,35129,1919,1508,3075,2194,2571,1040,2204,1288,3001,1941,2824,936
$JT,C,114,35147,35147,1928,1509,3071,2194,2571,1040,2204,1288,3001,1950,2823,940
$JT,C,115,35167,35167,1929,1509,3070,2194,2571,1040,2204,1288,3001,1951,2823,941
$JT,C,116,35185,35186,1929,1509,3070,2194,2571,1040,2204,1288,3001,1951,2823,941
$JT,C,117,35205,35206,1929,1509,3070,2194,2571,1040,2204,1288,3001,1951,2823,941
$JT,C,118,35227,35227,1929,1509,3069,2194,2571,1040,2204,1288,3001,1951,2823,942
$JT,C,119,35247,35247,1929,1512,3065,2194,2571,1040,2204,1288,3001,1951,2820,946
$JT,P,120,12,693
$JT,C,120,35267,35267,1929,1516,3057,2194,2571,1040,2204,1288,3001,1951,2816,954
$JT,C,121,35287,35287,1929,1523,3045,2194,2571,1040,2204,1288,3001,1951,2809,966
$JT,C,122,35308,35309,1929,1531,3030,2194,2571,1040,2204,1288,3001,1951,2801,981
$JT,C,123,35328,35329,1929,1539,3015,2194,2571,1040,2204,1288,3001,1951,2793,996
$JT,C,124,35347,35347,1929,1546,3003,2194,2571,1040,2204,1288,3001,1951,2786,1008
$JT,C,125,35367,35367,1929,1551,2994,2194,2571,1040,2204,1288,3001,1951,2781,1017
$JT,C,126,35387,35387,1929,1554,2990,2194,2571,1040,2204,1288,3001,1951,2778,1021
$JT,C,127,35407,35407,1929,1554,2989,2194,2571,1040,2204,1288,3001,1951,2778,1022
$JT,C,128,35425,35426,1929,1554,2989,2194,2571,1040,2204,1288,3001,1951,2778,1022
$JT,C,129,35445,35446,1929,1554,2989,2194,2571,1040,2204,1288,3001,1951,2778,1022
$JT,C,130,35465,35466,1929,1554,2989,2194,2571,1040,2204,1288,3001,1951,2778,1022
$JT,C,131,35485,35486,1929,1554,2989,2194,2571,1040,2204,1288,3001,1951,2778,1022
$JT,P,132,12,693
$JT,C,132,35505,35506,1929,1554,2989,2194,2571,1040,2204,1288,3001,1951,2778,1022
$JT,C,133,35525,35526,1929,1554,2989,2194,2571,1040,2204,1288,3001,1951,2778,1022
$JT,C,134,35545,35546,1929,1554,2989,2194,2571,1040,2204,1288,3001,1951,2778,1022
$JT,C,135,35565,35566,1929,1554,2989,2194,2571,1040,2204,1288,3001,1951,2778,1022
$JT,C,136,35585,35586,1929,1554,2989,2194,2571,1040,2204,1288,3001,1951,2778,1022
$JT,C,137,35605,35606,1929,1554,2989,2194,2571,1040,2204,1288,3001,1951,2778,1022
$JT,C,138,35625,35626,1929,1554,2989,2194,2571,1040,2204,1288,3001,1951,2778,1022
$JT,C,139,35645,35646,1929,1554,2989,2194,2571,1040,2204,1288,3001,1951,2778,1022
$JT,C,140,35667,35667,1929,1554,2989,2194,2572,1038,2204,1287,3002,1951,2778,1022
$JT,C,141,35687,35687,1929,1554,2989,2194,2575,1031,2204,1282,3010,1951,2778,1022
$JT,C,142,35708,35709,1929,1554,2989,2194,2584,1017,2204,1273,3023,1951,2778,1022
$JT,C,143,35728,35729,1929,1554,2989,2194,2596,1000,2204,1263,3040,1951,2778,1022
$JT,P,144,12,693
$JT,C,144,35748,35749,1929,1554,2989,2194,2606,982,2204,1251,3059,1951,2778,1022
$JT,C,145,35768,35769,1929,1554,2989,2194,2615,969,2204,1242,3071,1951,2778,1022
$JT,C,146,35787,35787,1929,1554,2989,2194,2619,963,2204,1239,3078,1951,2778,1022
$JT,C,147,35807,35807,1929,1554,2989,2194,2619,961,2204,1238,3079,1951,2778,1022
$JT,C,148,35827,35827,1929,1554,2989,2191,2618,961,2203,1239,3079,1951,2778,1022
$JT,C,149,35848,35849,1929,1554,2989,2182,2608,959,2194,1249,3081,1951,2778,1022
$JT,C,150,35868,35869,1929,1554,2989,2164,2589,958,2177,1271,3085,1951,2778,1022
$JT,C,151,35888,35889,1929,1554,2989,2141,2560,959,2154,1300,3084,1951,2778,1022
$JT,C,152,35908,35909,1929,1554,2989,2117,2530,965,2131,1332,3080,1951,2778,1022
$JT,C,153,35928,35929,1929,1554,2989,2099,2506,971,2114,1358,3073,1951,2778,1022
$JT,C,154,35948,35949,1929,1554,2989,2090,2492,975,2105,1372,3070,1951,2778,1022
$JT,C,155,35967,35967,1929,1554,2989,2089,2490,976,2104,1374,3069,1951,2778,1022
$JT,P,156,12,693
$JT,C,156,35985,35986,1929,1554,2989,2089,2490,976,2104,1374,3069,1951,2778,1022
$JT,C,157,36005,36006,1929,1554,2989,2089,2490,976,2104,1374,3069,1951,2778,1022
$JT,C,158,36027,36027,1929,1554,2989,2089,2490,977,2104,1374,3068,1951,2778,1022
$JT,C,159,36047,36047,1929,1554,2989,2089,2487,981,2104,1377,3064,1951,2778,1022
$JT,C,160,36067,36067,1929,1554,2989,2089,2483,989,2104,1381,3056,1951,2778,1022
$JT,C,161,36087,36087,1929,1554,2989,2089,2476,1001,2104,1388,3044,1951,2778,1022
$JT,C,162,36108,36109,1929,1554,2989,2089,2468,1016,2104,1396,3029,1951,2778,1022
$JT,C,163,36128,36129,1929,1554,2989,2089,2460,1031,2104,1404,3014,1951,2778,1022
$JT,C,164,36147,36147,1929,1554,2989,2089,2453,1043,2104,1411,3002,1951,2778,1022
$JT,C,165,36167,36167,1929,1554,2989,2089,2448,1052,2104,1416,2993,1951,2778,1022
$JT,C,166,36187,36187,1929,1554,2989,2089,2445,1056,2104,1419,2989,1951,2778,1022
$JT,C,167,36207,36207,1929,1554,2989,2089,2445,1057,2104,1419,2988,1951,2778,1022
$JT,P,168,12,693
$JT,C,168,36225,36226,1929,1554,2989,2089,2445,1057,2104,1419,2988,1951,2778,1022
$JT,C,169,36245,36246,1929,1554,2989,2089,2445,1057,2104,1419,2988,1951,2778,1022
$JT,C,170,36265,36266,1929,1554,2989,2089,2445,1057,2104,1419,2988,1951,2778,1022
$JT,C,171,36285,36286,1929,1554,2989,2089,2445,1057,2104,1419,2988,1951,2778,1022
$JT,C,172,36305,36306,1929,1554,2989,2089,2445,1057,2104,1419,2988,1951,2778,1022
$JT,C,173,36325,36326,1929,1554,2989,2089,2445,1057,2104,1419,2988,1951,2778,1022
$JT,C,174,36345,36346,1929,1554,2989,2089,2445,1057,2104,1419,2988,1951,2778,1022
$JT,C,175,36365,36366,1929,1554,2989,2089,2445,1057,2104,1419,2988,1951,2778,1022
$JT,C,176,36385,36386,1929,1554,2989,2089,2445,1057,2104,1419,2988,1951,2778,1022
$JT,C,177,36405,36406,1929,1554,2989,2089,2445,1057,2104,1419,2988,1951,2778,1022
$JT,C,178,36425,36426,1929,1554,2989,2089,2445,1057,2104,1419,2988,1951,2778,1022
$JT,C,179,36445,36446,1929,1554,2989,2089,2445,1057,2104,1419,2988,1951,2778,1022
$JT,P,180,12,693
$JT,C,180,36465,36466,1929,1554,2989,2089,2445,1057,2104,1419,2988,1951,2778,1022
$JT,C,181,36483,36483,1929,1554,2989,2089,2445,1057,2104,1419,2988,1951,2778,1022
$JT,C,182,36503,36503,1929,1554,2989,2089,2445,1057,2104,1419,2988,1951,2778,1022
$JT,C,183,36523,36523,1929,1554,2989,2089,2445,1057,2104,1419,2988,1951,2778,1022
$JT,C,184,36543,36543,1929,1554,2989,2089,2445,1057,2104,1419,2988,1951,2778,1022
$JT,C,185,36563,36563,1929,1554,2989,2089,2445,1057,2104,1419,2988,1951,2778,1022
$JT,C,186,36583,36583,1929,1554,2989,2089,2445,1057,2104,1419,2988,1951,2778,1022
$JT,C,187,36603,36603,1929,1554,2989,2089,2445,1057,2104,1419,2988,1951,2778,1022
$JT,C,188,36623,36623,1929,1554,2989,2089,2445,1057,2104,1419,2988,1951,2778,1022
$JT,C,189,36643,36643,1929,1554,2989,2089,2445,1057,2104,1419,2988,1951,2778,1022
$JT,C,190,36663,36663,1929,1554,2989,2089,2445,1057,2104,1419,2988,1951,2778,1022
$JT,C,191,36683,36683,1929,1554,2989,2089,2445,1057,2104,1419,2988,1951,2778,1022
$JT,P,192,12,693
$JT,C,192,36703,36703,1929,1554,2989,2089,2445,1057,2104,1419,2988,1951,2778,1022
$JT,C,193,36723,36723,1929,1554,2989,2089,2445,1057,2104,1419,2988,1951,2778,1022
$JT,C,194,36743,36743,1929,1554,2989,2089,2445,1057,2104,1419,2988,1951,2778,1022
$JT,C,195,36763,36763,1929,1554,2989,2089,2445,1057,2104,1419,2988,1951,2778,1022
$JT,C,196,36783,36783,1929,1554,2989,2089,2445,1057,2104,1419,2988,1951,2778,1022
$JT,C,197,36803,36803,1929,1554,2989,2089,2445,1057,2104,1419,2988,1951,2778,1022
$JT,C,198,36823,36823,1929,1554,2989,2089,2445,1057,2104,1419,2988,1951,2778,1022
$JT,C,199,36843,36843,1929,1554,2989,2089,2445,1057,2104,1419,2988,1951,2778,1022
$JT,C,200,36863,36863,1929,1554,2989,2089,2445,1057,2104,1419,2988,1951,2778,1022
$JT,C,201,36883,36883,1929,1554,2989,2089,2445,1057,2104,1419,2988,1951,2778,1022
$JT,C,202,36903,36903,1929,1554,2989,2089,2445,1057,2104,1419,2988,1951,2778,1022
$JT,C,203,36923,36923,1929,1554,2989,2089,2445,1057,2104,1419,2988,1951,2778,1022
$JT,P,204,12,693
$JT,C,204,36943,36943,1929,1554,2989,2089,2445,1057,2104,1419,2988,1951,2778,1022
$JT,C,205,36963,36963,1929,1554,2989,2089,2445,1057,2104,1419,2988,1951,2778,1022
$JT,C,206,36983,36983,1929,1554,2989,2089,2445,1057,2104,1419,2988,1951,2778,1022
$JT,C,207,37003,37003,1929,1554,2989,2089,2445,1057,2104,1419,2988,1951,2778,1022
$JT,C,208,37023,37023,1929,1554,2989,2089,2445,1057,2104,1419,2988,1951,2778,1022
$JT,C,209,37043,37043,1929,1554,2989,2089,2445,1057,2104,1419,2988,1951,2778,1022
$JT,C,210,37063,37063,1929,1554,2989,2089,2445,1057,2104,1419,2988,1951,2778,1022
$JT,C,211,37083,37083,1929,1554,2989,2089,2445,1057,2104,1419,2988,1951,2778,1022
$JT,C,212,37103,37103,1929,1554,2989,2089,2445,1057,2104,1419,2988,1951,2778,1022
$JT,C,213,37123,37123,1929,1554,2989,2089,2445,1057,2104,1419,2988,1951,2778,1022
$JT,C,214,37143,37143,1929,1554,2989,2089,2445,1057,2104,1419,2988,1951,2778,1022
$JT,C,215,37163,37163,1929,1554,2989,2089,2445,1057,2104,1419,2988,1951,2778,1022
$JT,P,216,12,693
$JT,C,216,37183,37183,1929,1554,2989,2089,2445,1057,2104,1419,2988,1951,2778,1022
$JT,C,217,37203,37203,1929,1554,2989,2089,2445,1057,2104,1419,2988,1951,2778,1022
$JT,C,218,37223,37223,1929,1554,2989,2089,2445,1057,2104,1419,2988,1951,2778,1022
$JT,C,219,37243,37243,1929,1554,2989,2089,2445,1057,2104,1419,2988,1951,2778,1022
$JT,C,220,37263,37263,1929,1554,2989,2089,2445,1057,2104,1419,2988,1951,2778,1022
$JT,C,221,37283,37283,1929,1554,2989,2089,2445,1057,2104,1419,2988,1951,2778,1022
$JT,C,222,37303,37303,1929,1554,2989,2089,2445,1057,2104,1419,2988,1951,2778,1022
$JT,C,223,37323,37323,1929,1554,2989,2089,2445,1057,2104,1419,2988,1951,2778,1022
$JT,C,224,37343,37343,1929,1554,2989,2089,2445,1057,2104,1419,2988,1951,2778,1022
$JT,C,225,37363,37363,1929,1554,2989,2089,2445,1057,2104,1419,2988,1951,2778,1022
$JT,C,226,37383,37383,1929,1554,2989,2089,2445,1057,2104,1419,2988,1951,2778,1022
$JT,C,227,37403,37403,1929,1554,2989,2089,2445,1057,2104,1419,2988,1951,2778,1022
$JT,P,228,12,693
$JT,C,228,37423,37423,1929,1554,2989,2089,2445,1057,2104,1419,2988,1951,2778,1022
$JT,C,229,37443,37443,1929,1554,2989,2089,2445,1057,2104,1419,2988,1951,2778,1022
$JT,C,230,37463,37463,1929,1554,2989,2089,2445,1057,2104,1419,2988,1951,2778,1022
$JT,S,32871,32873,0,0,0,1932,0,32,0,11100,36,0
$JT,S,32873,32875,0,1,0,1558,0,32,2,11300,35,0
$JT,S,32893,32895,1,2,0,3003,0,120,7,11300,39,0
$JT,S,32895,32897,1,3,0,2084,0,-48,1,11300,37,0
$JT,S,32913,32915,2,4,0,2445,0,0,0,11300,34,0
$JT,S,32915,32917,2,5,0,1036,0,-168,14,11400,40,0
$JT,S,32933,32935,3,6,0,2102,0,-24,0,11200,37,0
$JT,S,32935,32937,3,7,0,1424,0,64,6,11200,34,0
$JT,S,32952,32954,4,8,0,3017,0,204,16,11200,45,0
$JT,P,240,12,693
$JT,S,32954,32956,4,9,0,1948,0,-32,1,11300,37,0
$JT,S,32972,32974,5,10,0,2774,0,-32,2,11200,36,0
$JT,S,32974,32976,5,11,0,996,0,-216,18,11200,42,0
$JT,S,32993,32995,6,0,0,1932,0,32,0,11200,36,0
$JT,S,32995,32997,6,1,0,1558,0,32,2,11300,35,0
$JT,S,33013,33015,7,2,0,3003,0,120,6,11300,39,0
$JT,S,33015,33017,7,3,0,2084,0,-68,2,11300,37,0
$JT,S,33033,33035,8,4,0,2463,250,-116,7,11300,34,0
$JT,S,33035,33037,8,5,0,1029,-200,68,0,11400,41,0
$JT,S,33053,33055,9,6,0,2103,0,20,0,11200,37,0
$JT,S,33055,33057,9,7,0,1400,-350,176,25,11100,34,0
$JT,S,33073,33075,10,8,0,3032,300,-88,0,11300,45,0
$JT,P,252,12,693
$JT,S,33075,33077,10,9,0,1952,100,20,0,11300,37,0
$JT,S,33092,33094,11,10,0,2776,0,-8,0,11200,36,0
$JT,S,33094,33096,11,11,0,995,0,-224,19,11200,43,0
$JT,S,33112,33114,12,0,0,1934,50,52,1,11200,36,0
$JT,S,33114,33116,12,1,0,1552,-50,-24,1,11300,35,0
$JT,S,33132,33134,13,2,0,3004,0,128,7,11300,39,0
$JT,S,33134,33136,13,3,0,2098,50,-40,0,11300,37,0
$JT,S,33152,33154,14,4,0,2510,400,-108,7,11300,34,0
$JT,S,33154,33156,14,5,0,977,-550,144,0,11400,41,0
$JT,S,33172,33174,15,6,0,2110,50,56,2,11200,37,0
$JT,S,33174,33176,15,7,0,1351,-300,56,3,11300,34,0
$JT,S,33192,33194,16,8,0,3075,200,-144,1,11300,45,0
$JT,P,264,12,693
$JT,S,33194,33196,16,9,0,1956,50,48,1,11300,37,0
$JT,S,33212,33214,17,10,0,2777,0,-24,0,11200,36,0
$JT,S,33214,33216,17,11,0,994,0,-236,21,11200,43,0
$JT,S,33232,33234,18,0,0,1936,0,64,2,11200,36,0
$JT,S,33234,33236,18,1,0,1548,0,-16,1,11300,35,0
$JT,S,33252,33254,19,2,0,3005,0,136,8,11300,39,0
$JT,S,33254,33256,19,3,0,2114,200,-84,2,11300,37,0
$JT,S,33272,33274,20,4,0,2530,100,-64,4,11300,34,0
$JT,S,33274,33276,20,5,0,937,-150,48,0,11400,41,0
$JT,S,33292,33294,21,6,0,2109,0,48,1,11200,37,0
$JT,S,33294,33296,21,7,0,1340,0,16,0,11300,34,0
$JT,S,33312,33314,22,8,0,3089,0,-48,1,11300,45,0
$JT,P,276,12,693
$JT,S,33314,33316,22,9,0,1958,0,64,2,11300,37,0
$JT,S,33332,33334,23,10,0,2782,150,-80,6,11200,80,0
$JT,S,33334,33336,23,10,0,2782,150,-80,7,11200,36,0
$JT,S,33352,33354,24,11,0,992,0,-248,23,11200,43,0
$JT,S,33354,33356,24,0,0,1938,0,80,3,11200,36,0
$JT,S,33372,33374,25,1,0,1539,-50,52,2,11300,35,0
$JT,S,33374,33376,25,2,0,3006,50,152,13,11300,39,0
$JT,S,33392,33394,26,3,0,2151,300,-116,1,11300,37,0
$JT,S,33394,33396,26,4,0,2540,50,-16,0,11300,34,0
$JT,S,33412,33414,27,5,0,923,-100,60,1,11400,41,0
$JT,S,33414,33416,27,6,0,2109,0,48,1,11200,37,0
$JT,S,33432,33434,28,7,0,1344,50,-8,0,11300,34,0
$JT,P,288,12,693
$JT,S,33434,33436,28,8,0,3095,50,0,0,11300,45,0
$JT,S,33452,33454,29,9,0,1958,0,64,2,11300,38,0
$JT,S,33454,33456,29,10,0,2796,150,-160,25,11000,36,0
$JT,S,33472,33474,30,11,0,992,0,-272,25,11100,43,0
$JT,S,33474,33476,30,0,0,1936,0,64,1,11100,36,0
$JT,S,33492,33494,31,1,0,1520,-200,112,11,11300,35,0
$JT,S,33494,33496,31,2,0,3007,0,204,20,11300,39,0
$JT,S,33512,33514,32,3,0,2190,350,-124,2,11300,37,0
$JT,S,33514,33516,32,4,0,2536,-50,8,0,11300,34,0
$JT,S,33532,33534,33,5,0,912,-150,44,1,11400,41,0
$JT,S,33534,33536,33,6,0,2104,-50,0,0,11200,37,0
$JT,S,33552,33554,34,7,0,1353,150,-48,2,11300,34,0
$JT,P,300,12,693
$JT,S,33554,33556,34,8,0,3095,0,0,0,11300,45,0
$JT,S,33572,33574,35,9,0,1958,0,64,2,11300,37,0
$JT,S,33574,33576,35,10,0,2826,250,-144,16,11100,36,0
$JT,S,33592,33594,36,11,0,992,0,-336,43,11000,43,0
$JT,S,33594,33596,36,0,0,1935,0,56,2,11100,36,0
$JT,S,33612,33614,37,1,0,1485,-300,80,6,11200,35,0
$JT,S,33614,33616,37,2,0,3007,0,272,35,11200,39,0
$JT,S,33632,33634,38,3,0,2232,300,-116,1,11300,37,0
$JT,S,33634,33636,38,4,0,2525,-150,8,0,11200,34,0
$JT,S,33652,33654,39,5,0,908,-50,24,0,11300,41,0
$JT,S,33654,33656,39,6,0,2105,0,0,0,11200,37,0
$JT,S,33672,33674,40,7,0,1373,100,-4,0,11300,34,0
$JT,P,312,12,693
$JT,S,33674,33676,40,8,0,3091,-150,-40,1,11300,45,0
$JT,S,33692,33694,41,9,0,1958,0,64,2,11300,37,0
$JT,S,33694,33696,41,10,0,2860,300,-48,2,11100,36,0
$JT,S,33712,33714,42,11,0,993,0,-396,48,11100,43,0
$JT,S,33714,33716,42,0,0,1936,0,68,2,11100,36,0
$JT,S,33732,33734,43,1,0,1454,-250,-12,0,11300,35,0
$JT,S,33734,33736,43,2,0,2998,-100,264,29,11300,39,0
$JT,S,33752,33754,44,3,0,2266,200,-96,0,11300,37,0
$JT,S,33754,33756,44,4,0,2516,-50,8,0,11300,34,0
$JT,S,33772,33774,45,5,0,908,0,-28,1,11400,41,0
$JT,S,33774,33776,45,6,0,2106,-150,20,0,11200,37,0
$JT,S,33792,33794,46,7,0,1389,200,-20,1,11300,34,0
$JT,P,324,12,693
$JT,S,33794,33796,46,8,0,3090,0,64,1,11300,45,0
$JT,S,33813,33815,47,9,0,1959,50,76,2,11200,37,0
$JT,S,33815,33817,47,10,0,2877,0,8,0,11200,36,0
$JT,S,33833,33835,48,11,0,1009,0,-304,38,11100,43,0
$JT,S,33835,33837,48,0,0,1938,0,80,3,11100,36,0
$JT,S,33853,33855,49,1,0,1442,-50,-36,4,11200,35,0
$JT,S,33855,33857,49,2,0,2990,-100,236,20,11300,39,0
$JT,S,33873,33875,50,3,0,2284,100,-68,2,11300,37,0
$JT,S,33875,33877,50,4,0,2487,-400,104,9,11200,34,0
$JT,S,33892,33894,51,5,0,930,350,-264,11,11300,41,0
$JT,S,33894,33896,51,6,0,2108,0,40,0,11200,37,0
$JT,S,33912,33914,52,7,0,1430,400,-64,0,11300,34,0
$JT,P,336,12,693
$JT,S,33914,33916,52,8,0,3047,-600,188,3,11300,45,0
$JT,S,33932,33934,53,9,0,1957,-50,56,1,11300,37,0
$JT,S,33934,33936,53,10,0,2882,50,32,1,11200,36,0
$JT,S,33952,33954,54,11,0,1025,100,-168,9,11200,43,0
$JT,S,33954,33956,54,0,0,1939,0,88,3,11200,36,0
$JT,S,33972,33974,55,1,0,1441,0,-40,2,11300,35,0
$JT,S,33974,33976,55,2,0,2968,0,56,2,11300,39,0
$JT,S,33992,33994,56,3,0,2289,0,-48,2,11300,37,0
$JT,S,33994,33996,56,4,0,2467,-50,72,5,11300,34,0
$JT,S,34012,34014,57,5,0,979,350,-256,16,11300,41,0
$JT,S,34014,34016,57,6,0,2104,0,-24,0,11200,37,0
$JT,S,34032,34034,58,7,0,1448,0,32,1,11300,34,0
$JT,P,348,12,693
$JT,S,34034,34036,58,8,0,3007,-150,168,9,11300,45,0
$JT,S,34053,34055,59,9,0,1956,0,48,1,11300,37,0
$JT,S,34055,34057,59,10,0,2882,50,-32,1,11200,36,0
$JT,S,34073,34075,60,11,0,1025,0,-24,0,11200,43,0
$JT,S,34075,34077,60,0,0,1937,0,84,3,11200,36,0
$JT,S,34093,34095,61,1,0,1433,-150,80,4,11300,35,0
$JT,S,34095,34097,61,2,0,2973,200,-104,3,11400,39,0
$JT,S,34113,34115,62,3,0,2288,0,-36,1,11300,37,0
$JT,S,34115,34117,62,4,0,2461,0,0,0,11300,34,0
$JT,S,34133,34135,63,5,0,992,0,-160,11,11400,41,0
$JT,S,34135,34137,63,6,0,2104,0,-20,0,11200,37,0
$JT,S,34153,34155,64,7,0,1449,0,108,16,11300,34,0
$JT,P,360,12,693
$JT,S,34155,34157,64,8,0,3010,50,168,14,11300,45,0
$JT,S,34173,34175,65,9,0,1955,0,80,2,11300,37,0
$JT,S,34175,34177,65,10,0,2915,300,-76,6,11200,36,0
$JT,S,34192,34194,66,11,0,979,-500,136,0,11200,43,0
$JT,S,34194,34196,66,0,0,1925,-300,24,0,11200,36,0
$JT,S,34212,34214,67,1,0,1397,-200,0,0,11300,35,0
$JT,S,34214,34216,67,2,0,3026,600,-236,7,11300,39,0
$JT,S,34232,34234,68,3,0,2291,-50,68,1,11300,37,0
$JT,S,34234,34236,68,4,0,2472,150,-24,0,11300,34,0
$JT,S,34253,34255,69,5,0,991,0,-160,9,11400,41,0
$JT,S,34255,34257,69,6,0,2103,0,-120,5,11100,37,0
$JT,S,34273,34275,70,7,0,1435,-150,180,35,11300,34,0
$JT,P,372,12,693
$JT,S,34275,34277,70,8,0,3011,0,124,6,11300,45,0
$JT,S,34293,34295,71,9,0,1944,-50,92,3,11300,37,0
$JT,S,34295,34297,71,10,0,2920,-100,80,7,11200,36,0
$JT,S,34313,34315,72,11,0,924,-350,52,1,11200,43,0
$JT,S,34315,34317,72,0,0,1914,-100,40,0,11100,36,0
$JT,S,34333,34335,73,1,0,1417,250,-44,0,11200,35,0
$JT,S,34335,34337,73,2,0,3082,300,-104,5,11300,39,0
$JT,S,34353,34355,74,3,0,2291,50,200,16,11300,37,0
$JT,S,34355,34357,74,4,0,2492,300,-56,3,11200,34,0
$JT,S,34373,34375,75,5,0,991,0,-168,10,11300,41,0
$JT,S,34375,34377,75,6,0,2116,150,-140,6,11100,37,0
$JT,S,34393,34395,76,7,0,1402,-400,176,26,11100,34,0
$JT,P,384,12,693
$JT,S,34395,34397,76,8,0,3009,0,52,1,11300,45,0
$JT,S,34412,34414,77,9,0,1944,0,244,23,11200,37,0
$JT,S,34414,34416,77,10,0,2904,-100,136,18,11200,36,0
$JT,S,34432,34434,78,11,0,902,-50,24,0,11100,43,0
$JT,S,34434,34436,78,0,0,1896,-150,52,0,11100,36,0
$JT,S,34452,34454,79,1,0,1446,300,-36,1,11200,35,0
$JT,S,34454,34456,79,2,0,3104,150,-72,3,11300,39,0
$JT,S,34472,34474,80,3,0,2293,0,380,59,11200,37,0
$JT,S,34474,34476,80,4,0,2514,200,-84,8,11200,34,0
$JT,S,34492,34494,81,5,0,991,0,-212,16,11300,41,0
$JT,S,34494,34496,81,6,0,2140,250,-112,2,11200,37,0
$JT,S,34512,34514,82,7,0,1353,-400,84,4,11200,34,0
$JT,P,396,12,693
$JT,S,34514,34516,82,8,0,3006,0,0,0,11200,45,0
$JT,S,34532,34534,83,9,0,1922,-250,224,13,11300,37,0
$JT,S,34534,34536,83,10,0,2889,-50,192,44,11100,36,0
$JT,S,34552,34554,84,11,0,891,-50,20,0,11100,43,0
$JT,S,34554,34556,84,0,0,1874,-200,44,0,11100,36,0
$JT,S,34572,34574,85,1,0,1472,200,-24,1,11200,35,0
$JT,S,34574,34576,85,2,0,3117,100,-56,3,11300,39,0
$JT,S,34592,34594,86,3,0,2270,-250,356,44,11200,37,0
$JT,S,34594,34596,86,4,0,2528,100,-152,24,11000,34,0
$JT,S,34612,34614,87,5,0,989,0,-296,35,11100,41,0
$JT,S,34614,34616,87,6,0,2163,100,-108,3,11200,55,0
$JT,S,34632,34634,88,7,0,1323,-200,80,6,11200,34,0
$JT,P,408,12,693
$JT,S,34634,34636,88,8,0,3006,0,0,0,11300,45,0
$JT,S,34652,34654,89,9,0,1889,-300,128,4,11300,37,0
$JT,S,34654,34656,89,10,0,2875,-150,184,38,11000,36,0
$JT,S,34672,34674,90,11,0,881,-100,0,0,11100,43,0
$JT,S,34674,34676,90,0,0,1853,-200,60,0,11100,36,0
$JT,S,34692,34694,91,1,0,1489,150,-16,1,11200,35,0
$JT,S,34694,34696,91,2,0,3124,50,-48,1,11300,39,0
$JT,S,34712,34714,92,3,0,2235,-250,232,16,11300,37,0
$JT,S,34714,34716,92,4,0,2532,50,-224,64,11000,34,0
$JT,S,34732,34734,93,5,0,988,0,-372,59,11200,41,0
$JT,S,34734,34736,93,6,0,2176,100,-152,7,11100,150,0
$JT,S,34752,34754,94,7,0,1306,-100,92,8,11200,34,0
$JT,P,420,12,693
$JT,S,34754,34756,94,8,0,3009,50,68,2,11200,45,0
$JT,S,34772,34774,95,9,0,1871,-100,116,5,11200,37,0
$JT,S,34774,34776,95,10,0,2865,-100,160,33,11200,36,0
$JT,S,34792,34794,96,11,0,878,0,-44,1,11100,43,0
$JT,S,34794,34796,96,0,0,1837,-100,36,0,11100,36,0
$JT,S,34812,34814,97,1,0,1499,50,-44,1,11200,35,0
$JT,S,34814,34816,97,2,0,3124,0,24,0,11300,39,0
$JT,S,34832,34834,98,3,0,2215,-100,168,10,11200,37,0
$JT,S,34834,34836,98,4,0,2542,100,-208,44,11000,34,0
$JT,S,34853,34855,99,5,0,988,0,-420,69,11200,41,0
$JT,S,34855,34857,99,6,0,2188,100,-124,5,11100,62,0
$JT,S,34869,34871,100,7,0,1292,-150,32,1,11200,34,0
$JT,P,432,12,693
$JT,S,34871,34873,100,8,0,3010,0,80,3,11200,45,0
$JT,S,34887,34890,101,9,0,1863,-100,100,4,11300,37,0
$JT,S,34890,34892,101,10,0,2837,-350,144,19,11200,36,0
$JT,S,34907,34910,102,11,0,894,300,-200,6,11100,43,0
$JT,S,34910,34912,102,0,0,1831,0,24,0,11100,36,0
$JT,S,34927,34930,103,1,0,1523,50,24,1,11200,36,0
$JT,S,34930,34932,103,2,0,3101,-350,96,3,11300,39,0
$JT,S,34947,34950,104,3,0,2211,0,144,8,11300,37,0
$JT,S,34950,34952,104,4,0,2557,100,-112,13,11200,34,0
$JT,S,34967,34970,105,5,0,988,0,-424,78,11200,41,0
$JT,S,34970,34972,105,6,0,2190,0,-120,6,11200,37,0
$JT,S,34987,34990,106,7,0,1285,0,-24,1,11300,34,0
$JT,P,444,12,693
$JT,S,34990,34992,106,8,0,3007,-50,52,1,11300,45,0
$JT,S,35007,35010,107,9,0,1860,-50,80,3,11300,37,0
$JT,S,35010,35012,107,10,0,2833,0,24,1,11200,36,0
$JT,S,35028,35030,108,11,0,911,0,56,1,11200,43,0
$JT,S,35030,35032,108,0,0,1831,0,24,0,11100,36,0
$JT,S,35047,35049,109,1,0,1515,0,16,0,11300,35,0
$JT,S,35049,35051,109,2,0,3097,100,-80,3,11300,38,0
$JT,S,35067,35069,110,3,0,2206,-150,92,4,11300,37,0
$JT,S,35069,35071,110,4,0,2563,0,-64,5,11300,34,0
$JT,S,35089,35091,111,5,0,988,0,-424,69,11200,41,0
$JT,S,35091,35093,111,6,0,2192,50,-104,5,11200,37,0
$JT,S,35109,35111,112,7,0,1283,0,-40,3,11200,34,0
$JT,P,456,12,693
$JT,S,35111,35113,112,8,0,3008,0,68,2,11300,45,0
$JT,S,35129,35131,113,9,0,1860,0,-140,4,11300,37,0
$JT,S,35131,35133,113,10,0,2831,-50,48,3,11200,36,0
$JT,S,35147,35149,114,11,0,909,100,-148,5,11200,42,0
$JT,S,35149,35151,114,0,0,1840,200,-188,6,11100,53,0
$JT,S,35167,35169,115,1,0,1510,0,8,0,11200,35,0
$JT,S,35169,35171,115,2,0,3091,-200,124,2,11300,39,0
$JT,S,35186,35188,116,3,0,2193,0,0,0,11300,37,0
$JT,S,35188,35190,116,4,0,2564,0,-56,4,11200,34,0
$JT,S,35206,35208,117,5,0,988,0,-424,75,11200,41,0
$JT,S,35208,35210,117,6,0,2192,0,-104,4,11200,37,0
$JT,S,35227,35229,118,7,0,1283,0,-40,2,11200,34,0
$JT,P,468,12,693
$JT,S,35229,35231,118,8,0,3008,0,64,2,11300,45,0
$JT,S,35247,35249,119,9,0,1911,500,-224,8,11300,37,0
$JT,S,35249,35251,119,10,0,2826,0,32,2,11200,36,0
$JT,S,35267,35269,120,11,0,929,50,-128,4,11200,43,0
$JT,S,35269,35271,120,0,0,1901,500,-168,2,11100,36,0
$JT,S,35287,35289,121,1,0,1512,0,-20,1,11300,35,0
$JT,S,35289,35291,121,2,0,3069,-50,72,4,11300,39,0
$JT,S,35309,35311,122,3,0,2193,50,20,0,11300,37,0
$JT,S,35311,35313,122,4,0,2564,0,-56,4,11200,34,0
$JT,S,35329,35331,123,5,0,989,0,-416,75,11200,41,0
$JT,S,35331,35333,123,6,0,2204,100,0,0,11200,37,0
$JT,S,35347,35349,124,7,0,1284,0,-32,2,11300,34,0
$JT,P,480,12,693
$JT,S,35349,35351,124,8,0,3008,0,64,2,11300,45,0
$JT,S,35367,35369,125,9,0,1936,50,-128,6,11300,37,0
$JT,S,35369,35371,125,10,0,2798,-350,104,7,11200,36,0
$JT,S,35387,35389,126,11,0,961,400,-268,12,11100,43,0
$JT,S,35389,35391,126,0,0,1922,0,-64,2,11100,36,0
$JT,S,35407,35409,127,1,0,1550,350,-32,2,11200,35,0
$JT,S,35409,35411,127,2,0,3031,-500,204,5,11300,39,0
$JT,S,35426,35428,128,3,0,2201,0,64,2,11300,37,0
$JT,S,35428,35430,128,4,0,2564,0,-56,4,11200,34,0
$JT,S,35446,35448,129,5,0,990,0,-408,76,11200,41,0
$JT,S,35448,35450,129,6,0,2206,0,24,0,11200,37,0
$JT,S,35466,35468,130,7,0,1284,0,-32,1,11300,34,0
$JT,P,492,12,693
$JT,S,35468,35470,130,8,0,3006,-50,44,1,11300,45,0
$JT,S,35486,35488,131,9,0,1940,50,-92,4,11300,37,0
$JT,S,35488,35490,131,10,0,2782,0,32,1,11200,36,0
$JT,S,35506,35508,132,11,0,1000,200,-172,9,11200,43,0
$JT,S,35508,35510,132,0,0,1923,0,-56,1,11200,36,0
$JT,S,35526,35528,133,1,0,1554,0,0,0,11300,35,0
$JT,S,35528,35530,133,2,0,3004,-100,124,8,11400,39,0
$JT,S,35546,35548,134,3,0,2200,0,56,1,11300,37,0
$JT,S,35548,35550,134,4,0,2564,0,-56,4,11300,34,0
$JT,S,35566,35568,135,5,0,1012,50,-224,24,11400,41,0
$JT,S,35568,35570,135,6,0,2207,50,32,1,11200,37,0
$JT,S,35586,35588,136,7,0,1283,0,-40,2,11300,34,0
$JT,P,504,12,693
$JT,S,35588,35590,136,8,0,3006,0,48,1,11300,45,0
$JT,S,35606,35608,137,9,0,1941,50,-88,3,11300,37,0
$JT,S,35608,35610,137,10,0,2781,0,24,1,11200,36,0
$JT,S,35626,35628,138,11,0,1004,0,-152,6,11200,43,0
$JT,S,35628,35630,138,0,0,1923,0,-56,1,11200,36,0
$JT,S,35646,35648,139,1,0,1554,0,0,1,11300,35,0
$JT,S,35648,35650,139,2,0,3004,0,128,7,11300,39,0
$JT,S,35667,35669,140,3,0,2199,0,48,1,11300,37,0
$JT,S,35669,35671,140,4,0,2564,0,-56,4,11300,34,0
$JT,S,35687,35689,141,5,0,1012,0,-212,17,11300,41,0
$JT,S,35689,35691,141,6,0,2207,0,32,0,11200,37,0
$JT,S,35709,35711,142,7,0,1283,0,20,0,11300,34,0
$JT,P,516,12,693
$JT,S,35711,35713,142,8,0,3005,0,-20,1,11300,45,0
$JT,S,35729,35731,143,9,0,1941,0,-88,3,11300,38,0
$JT,S,35731,35733,143,10,0,2781,0,24,0,11200,36,0
$JT,S,35749,35751,144,11,0,1003,-50,-164,7,11200,43,0
$JT,S,35751,35753,144,0,0,1923,0,-56,1,11200,36,0
$JT,S,35769,35771,145,1,0,1555,50,8,1,11300,35,0
$JT,S,35771,35773,145,2,0,3002,-50,108,8,11300,39,0
$JT,S,35787,35789,146,3,0,2200,0,56,2,11300,37,0
$JT,S,35789,35791,146,4,0,2582,450,-260,59,11100,34,0
$JT,S,35807,35809,147,5,0,1001,-300,100,0,11300,41,0
$JT,S,35809,35811,147,6,0,2207,0,32,1,11200,37,0
$JT,S,35827,35829,148,7,0,1242,-400,32,1,11300,34,0
$JT,P,528,12,693
$JT,S,35829,35831,148,8,0,3030,350,-224,5,11300,45,0
$JT,S,35849,35851,149,9,0,1942,0,-76,3,11300,37,0
$JT,S,35851,35853,149,10,0,2782,0,32,1,11200,36,0
$JT,S,35869,35871,150,11,0,1002,0,-168,10,11300,43,0
$JT,S,35871,35873,150,0,0,1929,50,0,0,11200,36,0
$JT,S,35889,35891,151,1,0,1552,0,-16,1,11300,35,0
$JT,S,35891,35893,151,2,0,3003,0,120,11,11400,39,0
$JT,S,35909,35911,152,3,0,2195,-100,188,9,11300,37,0
$JT,S,35911,35913,152,4,0,2596,-500,168,10,11300,34,0
$JT,S,35929,35931,153,5,0,960,-200,-20,0,11400,41,0
$JT,S,35931,35933,153,6,0,2198,-200,156,4,11200,37,0
$JT,S,35949,35951,154,7,0,1301,1000,-236,13,11200,34,0
$JT,P,540,12,693
$JT,S,35951,35953,154,8,0,3078,200,-28,0,11300,45,0
$JT,S,35967,35969,155,9,0,1957,100,60,2,11300,37,0
$JT,S,35969,35971,155,10,0,2775,-250,-24,0,11200,36,0
$JT,S,35986,35988,156,11,0,1001,0,-176,11,11200,43,0
$JT,S,35988,35990,156,0,0,1931,0,24,0,11100,36,0
$JT,S,36006,36008,157,1,0,1557,150,24,1,11200,35,0
$JT,S,36008,36010,157,2,0,3003,0,120,10,11300,39,0
$JT,S,36027,36029,158,3,0,2148,-650,320,20,11300,37,0
$JT,S,36029,36031,158,4,0,2496,-400,44,3,11300,34,0
$JT,S,36047,36049,159,5,0,967,200,-76,2,11400,41,0
$JT,S,36049,36051,159,6,0,2144,-550,224,9,11200,37,0
$JT,S,36067,36069,160,7,0,1377,250,0,0,11300,34,0
$JT,P,552,12,693
$JT,S,36069,36071,160,8,0,3083,50,168,10,11300,45,0
$JT,S,36087,36089,161,9,0,1957,-50,52,1,11300,37,0
$JT,S,36089,36091,161,10,0,2773,0,-40,2,11200,36,0
$JT,S,36109,36111,162,11,0,1001,0,-176,10,11200,43,0
$JT,S,36111,36113,162,0,0,1924,-150,-60,2,11200,36,0
$JT,S,36129,36131,163,1,0,1563,50,72,7,11200,35,0
$JT,S,36131,36133,163,2,0,3006,0,144,21,11300,39,0
$JT,S,36147,36149,164,3,0,2095,-100,48,0,11300,37,0
$JT,S,36149,36151,164,4,0,2469,-300,76,2,11200,34,0
$JT,S,36167,36169,165,5,0,997,450,-180,3,11400,42,0
$JT,S,36169,36171,165,6,0,2111,-50,60,1,11200,37,0
$JT,S,36187,36189,166,7,0,1411,350,-36,1,10900,34,0
$JT,P,564,12,693
$JT,S,36189,36191,166,8,0,3064,-400,392,39,11200,45,0
$JT,S,36207,36209,167,9,0,1955,0,40,1,11300,37,0
$JT,S,36209,36211,167,10,0,2773,0,-40,3,11200,36,0
$JT,S,36226,36228,168,11,0,1001,0,-176,10,11200,43,0
$JT,S,36228,36230,168,0,0,1928,200,24,0,11100,36,0
$JT,S,36246,36248,169,1,0,1563,0,72,8,11300,35,0
$JT,S,36248,36250,169,2,0,3002,-100,104,9,11300,39,0
$JT,S,36266,36268,170,3,0,2095,0,56,1,11300,37,0
$JT,S,36268,36270,170,4,0,2446,-100,8,0,11300,34,0
$JT,S,36286,36288,171,5,0,1029,150,-224,14,11300,41,0
$JT,S,36288,36290,171,6,0,2107,-50,28,0,11200,37,0
$JT,S,36306,36308,172,7,0,1420,0,8,0,11300,34,0
$JT,P,576,12,693
$JT,S,36308,36310,172,8,0,3012,-450,180,8,11300,45,0
$JT,S,36326,36328,173,9,0,1947,-100,-48,1,11400,37,0
$JT,S,36328,36330,173,10,0,2779,150,12,0,11200,36,0
$JT,S,36346,36348,174,11,0,1002,0,-168,7,11200,43,0
$JT,S,36348,36350,174,0,0,1925,-100,-44,1,11200,36,0
$JT,S,36366,36368,175,1,0,1557,0,24,2,11300,35,0
$JT,S,36368,36370,175,2,0,2997,-50,68,3,11400,39,0
$JT,S,36386,36388,176,3,0,2092,-50,28,1,11300,37,0
$JT,S,36388,36390,176,4,0,2447,0,16,0,11300,34,0
$JT,S,36406,36408,177,5,0,1033,0,-196,16,11400,41,0
$JT,S,36408,36410,177,6,0,2100,0,-40,1,11200,37,0
$JT,S,36426,36428,178,7,0,1421,0,16,0,11300,34,0
$JT,P,588,12,693
$JT,S,36428,36430,178,8,0,3005,0,144,8,11300,45,0
$JT,S,36446,36448,179,9,0,1947,50,-36,1,11300,37,0
$JT,S,36448,36450,179,10,0,2775,-200,-24,0,11200,36,0
$JT,S,36466,36468,180,11,0,1003,50,-156,6,11200,43,0
$JT,S,36468,36470,180,0,0,1924,0,-48,1,11200,36,0
$JT,S,36483,36485,181,1,0,1556,0,16,0,11300,35,0
$JT,S,36485,36487,181,2,0,2997,0,72,0,11400,39,0
$JT,S,36503,36505,182,3,0,2092,0,32,1,11300,37,0
$JT,S,36505,36507,182,4,0,2447,0,16,0,11300,34,0
$JT,S,36523,36525,183,5,0,1033,0,-200,14,11300,41,0
$JT,S,36525,36527,183,6,0,2106,0,24,0,11200,37,0
$JT,S,36543,36545,184,7,0,1421,0,16,0,11300,34,0
$JT,P,600,12,693
$JT,S,36545,36547,184,8,0,3008,50,172,11,11300,45,0
$JT,S,36563,36565,185,9,0,1949,0,-24,0,11300,37,0
$JT,S,36565,36567,185,10,0,2775,0,-24,0,11200,36,0
$JT,S,36583,36585,186,11,0,1003,0,-160,6,11300,43,0
$JT,S,36585,36587,186,0,0,1924,0,-48,1,11200,36,0
$JT,S,36603,36605,187,1,0,1558,0,32,2,11300,35,0
$JT,S,36605,36607,187,2,0,2997,0,72,2,11400,39,0
$JT,S,36623,36625,188,3,0,2091,0,24,0,11300,37,0
$JT,S,36625,36627,188,4,0,2444,50,-8,0,11300,34,0
$JT,S,36643,36645,189,5,0,1037,0,-168,10,11400,41,0
$JT,S,36645,36647,189,6,0,2102,0,-24,0,11200,37,0
$JT,S,36663,36665,190,7,0,1423,50,32,2,11300,34,0
$JT,P,612,12,693
$JT,S,36665,36667,190,8,0,3008,0,168,10,11200,45,0
$JT,S,36683,36685,191,9,0,1947,0,-40,1,11300,37,0
$JT,S,36685,36687,191,10,0,2775,0,-24,0,11200,36,0
$JT,S,36703,36705,192,11,0,1003,0,-160,6,11200,43,0
$JT,S,36705,36707,192,0,0,1924,0,-48,1,11200,36,0
$JT,S,36723,36725,193,1,0,1558,0,32,1,11300,35,0
$JT,S,36725,36727,193,2,0,2997,0,72,2,11300,39,0
$JT,S,36743,36745,194,3,0,2093,0,40,1,11300,37,0
$JT,S,36745,36747,194,4,0,2446,0,4,0,11300,34,0
$JT,S,36763,36765,195,5,0,1037,0,-168,13,11400,41,0
$JT,S,36765,36767,195,6,0,2101,0,-32,0,11200,37,0
$JT,S,36783,36785,196,7,0,1422,0,24,0,11300,34,0
$JT,P,624,12,693
$JT,S,36785,36787,196,8,0,3008,0,168,10,11300,45,0
$JT,S,36803,36805,197,9,0,1947,0,-40,1,11300,37,0
$JT,S,36805,36807,197,10,0,2776,0,-16,1,11200,36,0
$JT,S,36823,36825,198,11,0,1003,0,-160,6,11300,43,0
$JT,S,36825,36827,198,0,0,1924,0,-52,2,11200,36,0
$JT,S,36843,36845,199,1,0,1557,0,24,1,11300,35,0
$JT,S,36845,36847,199,2,0,2997,0,72,3,11300,39,0
$JT,S,36863,36865,200,3,0,2089,-100,0,0,11300,37,0
$JT,S,36865,36867,200,4,0,2446,0,8,0,11300,34,0
$JT,S,36883,36885,201,5,0,1037,0,-168,13,11400,41,0
$JT,S,36885,36887,201,6,0,2101,0,-32,1,11200,37,0
$JT,S,36903,36905,202,7,0,1422,0,24,0,11300,34,0
$JT,P,636,12,693
$JT,S,36905,36907,202,8,0,3008,0,168,13,11300,45,0
$JT,S,36923,36925,203,9,0,1947,0,-40,1,11300,37,0
$JT,S,36925,36927,203,10,0,2776,0,-16,0,11200,36,0
$JT,S,36943,36945,204,11,0,1003,0,-160,6,11300,43,0
$JT,S,36945,36947,204,0,0,1924,0,-48,1,11200,36,0
$JT,S,36963,36965,205,1,0,1557,0,24,1,11300,35,0
$JT,S,36965,36967,205,2,0,2997,0,72,3,11400,39,0
$JT,S,36983,36985,206,3,0,2092,50,36,1,11300,37,0
$JT,S,36985,36987,206,4,0,2445,0,0,0,11300,34,0
$JT,S,37003,37005,207,5,0,1037,0,-168,10,11400,41,0
$JT,S,37005,37007,207,6,0,2101,0,-32,1,11200,37,0
$JT,S,37023,37025,208,7,0,1422,0,24,1,11300,34,0
$JT,P,648,12,693
$JT,S,37025,37027,208,8,0,3008,0,168,11,11300,45,0
$JT,S,37043,37045,209,9,0,1947,0,-40,0,11300,37,0
$JT,S,37045,37047,209,10,0,2776,0,-16,0,11200,36,0
$JT,S,37063,37065,210,11,0,1003,0,-160,7,11200,43,0
$JT,S,37065,37067,210,0,0,1924,0,-48,0,11200,36,0
$JT,S,37083,37085,211,1,0,1557,0,24,2,11300,35,0
$JT,S,37085,37087,211,2,0,2997,0,72,3,11300,40,0
$JT,S,37103,37105,212,3,0,2092,0,32,1,11300,37,0
$JT,S,37105,37107,212,4,0,2445,0,0,0,11300,34,0
$JT,S,37123,37125,213,5,0,1037,0,-168,10,11400,41,0
$JT,S,37125,37127,213,6,0,2101,0,-32,1,11200,37,0
$JT,S,37143,37145,214,7,0,1422,0,24,1,11300,34,0
$JT,P,660,12,693
$JT,S,37145,37147,214,8,0,3008,0,168,10,11300,45,0
$JT,S,37163,37165,215,9,0,1947,0,-40,0,11300,37,0
$JT,S,37165,37167,215,10,0,2776,0,-16,0,11200,36,0
$JT,S,37183,37185,216,11,0,1003,0,-160,6,11200,43,0
$JT,S,37185,37187,216,0,0,1924,0,-48,2,11200,36,0
$JT,S,37203,37205,217,1,0,1557,0,24,1,11300,35,0
$JT,S,37205,37207,217,2,0,2997,0,72,3,11400,39,0
$JT,S,37223,37225,218,3,0,2092,0,32,1,11300,37,0
$JT,S,37225,37227,218,4,0,2446,0,8,0,11300,34,0
$JT,S,37243,37245,219,5,0,1037,0,-168,13,11400,41,0
$JT,S,37245,37247,219,6,0,2101,0,-32,0,11200,37,0
$JT,S,37263,37265,220,7,0,1422,0,24,1,11300,34,0
$JT,P,672,12,693
$JT,S,37265,37267,220,8,0,3008,0,168,10,11300,45,0
$JT,S,37283,37285,221,9,0,1947,0,-40,1,11300,37,0
$JT,S,37285,37287,221,10,0,2776,0,-16,0,11200,36,0
$JT,S,37303,37305,222,11,0,1003,0,-160,6,11200,43,0
$JT,S,37305,37307,222,0,0,1924,0,-48,1,11200,36,0
$JT,S,37323,37325,223,1,0,1557,0,24,1,11300,35,0
$JT,S,37325,37327,223,2,0,2997,0,72,3,11400,39,0
$JT,S,37343,37345,224,3,0,2092,0,32,1,11300,37,0
$JT,S,37345,37347,224,4,0,2445,-50,0,0,11200,34,0
$JT,S,37363,37365,225,5,0,1037,0,-168,10,11300,41,0
$JT,S,37365,37367,225,6,0,2101,0,-32,1,11200,37,0
$JT,S,37383,37385,226,7,0,1422,0,24,1,11300,34,0
$JT,P,684,9,693
$JT,S,37385,37387,226,8,0,3008,0,168,10,11300,45,0
$JT,S,37403,37405,227,9,0,1947,0,-40,1,11300,37,0
$JT,S,37405,37407,227,10,0,2776,0,-16,0,11200,36,0
$JT,S,37423,37425,228,11,0,1003,0,-160,6,11300,43,0
$JT,S,37425,37427,228,0,0,1924,0,-48,1,11200,36,0
$JT,S,37443,37445,229,1,0,1557,0,24,1,11300,35,0
$JT,S,37445,37447,229,2,0,2997,0,72,3,11400,39,0
$JT,S,37463,37465,230,3,0,2092,0,32,0,11300,37,0
$JT,S,37465,37467,230,4,0,2445,0,0,0,11300,34,0
$JT,END
