$JT,M,1,256,256,0,1,18,3400,254
$JT,R,s-native-v6-2-2-v64
$JT,J,0,1,1929,-1
$JT,J,1,2,2077,-1
$JT,J,2,3,1965,1
$JT,J,3,4,2089,1
$JT,J,4,5,1922,1
$JT,J,5,6,2081,-1
$JT,J,6,7,2104,-1
$JT,J,7,8,1942,-1
$JT,J,8,9,1964,1
$JT,J,9,10,1951,1
$JT,J,10,11,2255,1
$JT,J,11,12,2046,-1
$JT,P,0,12,512
$JT,C,0,37965,37966,1929,1554,2989,2089,2445,1057,2104,1419,2988,1951,2778,1022
$JT,C,1,37989,37989,1929,1554,2989,2089,2462,1027,2104,1403,3018,1951,2778,1022
$JT,C,2,38009,38009,1929,1554,2989,2092,2475,1004,2104,1390,3040,1951,2778,1022
$JT,C,3,38029,38029,1929,1554,2989,2098,2487,982,2104,1380,3057,1951,2778,1022
$JT,C,4,38046,38046,1929,1554,2989,2109,2492,973,2104,1378,3062,1951,2778,1022
$JT,C,5,38066,38066,1929,1554,2989,2124,2499,963,2104,1375,3065,1951,2778,1022
$JT,C,6,38086,38086,1929,1554,2989,2145,2505,953,2104,1374,3068,1951,2778,1022
$JT,C,7,38106,38106,1929,1554,2989,2168,2509,944,2104,1373,3069,1951,2778,1022
$JT,C,8,38126,38126,1929,1552,2989,2191,2513,938,2104,1373,3069,1951,2780,1022
$JT,C,9,38146,38146,1929,1551,2989,2216,2515,934,2104,1374,3069,1951,2781,1022
$JT,C,10,38166,38166,1929,1548,2989,2240,2515,933,2104,1375,3067,1951,2784,1022
$JT,C,11,38186,38186,1929,1543,2989,2260,2514,934,2104,1378,3064,1951,2789,1022
$JT,P,12,12,512
$JT,C,12,38207,38208,1929,1538,2989,2276,2510,938,2104,1381,3061,1951,2794,1022
$JT,C,13,38227,38228,1929,1530,2988,2287,2506,943,2104,1386,3056,1951,2802,1023
$JT,C,14,38247,38248,1929,1521,2987,2293,2499,952,2104,1391,3048,1951,2811,1024
$JT,C,15,38267,38268,1929,1513,2986,2294,2487,968,2104,1402,3031,1951,2819,1025
$JT,C,16,38289,38289,1929,1475,3035,2294,2462,1013,2104,1427,2988,1951,2857,976
$JT,C,17,38307,38308,1928,1459,3046,2293,2461,1011,2105,1428,2989,1950,2873,965
$JT,C,18,38327,38328,1923,1449,3054,2288,2461,1011,2110,1427,2991,1946,2883,957
$JT,C,19,38346,38346,1915,1446,3063,2280,2464,1010,2117,1423,2995,1940,2886,949
$JT,C,20,38367,38368,1904,1449,3073,2270,2468,1010,2128,1416,3001,1929,2882,939
$JT,C,21,38387,38388,1891,1458,3083,2257,2477,1009,2140,1404,3006,1915,2873,929
$JT,C,22,38407,38408,1878,1472,3091,2245,2492,1010,2153,1386,3011,1898,2860,918
$JT,C,23,38429,38429,1866,1486,3096,2235,2517,1014,2163,1358,3012,1878,2848,912
$JT,P,24,12,512
$JT,C,24,38449,38449,1861,1501,3097,2229,2552,1024,2168,1323,3004,1854,2835,906
$JT,C,25,38469,38469,1855,1514,3095,2223,2588,1042,2173,1287,2988,1837,2824,906
$JT,C,26,38489,38490,1850,1525,3090,2218,2617,1065,2178,1256,2965,1826,2813,910
$JT,C,27,38509,38510,1849,1537,3082,2216,2637,1087,2179,1237,2945,1820,2801,917
$JT,C,28,38527,38528,1850,1549,3065,2216,2647,1099,2178,1227,2931,1818,2790,934
$JT,C,29,38549,38549,1854,1575,3020,2222,2688,1058,2179,1188,2972,1820,2764,979
$JT,C,30,38567,38568,1849,1574,3021,2219,2697,1047,2185,1176,2986,1825,2764,980
$JT,C,31,38589,38589,1846,1568,3023,2215,2690,1025,2188,1181,3008,1828,2768,980
$JT,C,32,38609,38610,1841,1557,3025,2212,2667,994,2194,1201,3043,1833,2778,980
$JT,C,33,38629,38630,1836,1539,3028,2206,2631,966,2201,1237,3074,1839,2797,980
$JT,C,34,38649,38650,1829,1510,3028,2198,2586,947,2209,1279,3097,1846,2823,982
$JT,C,35,38669,38670,1819,1469,3024,2187,2543,941,2221,1317,3107,1858,2859,991
$JT,P,36,12,512
$JT,C,36,38691,38691,1804,1421,3007,2171,2508,944,2237,1349,3111,1874,2905,1015
$JT,C,37,38710,38711,1790,1372,2973,2157,2481,951,2251,1374,3110,1887,2947,1057
$JT,C,38,38729,38729,1789,1335,2925,2157,2460,957,2251,1395,3104,1888,2982,1106
$JT,C,39,38749,38749,1788,1315,2882,2156,2445,965,2251,1410,3096,1888,3004,1148
$JT,C,40,38769,38769,1787,1306,2858,2155,2434,976,2251,1421,3085,1890,3012,1173
$JT,C,41,38790,38791,1783,1279,2883,2153,2404,1033,2246,1450,3029,1888,3038,1147
$JT,C,42,38807,38808,1785,1262,2910,2155,2406,1031,2243,1449,3029,1884,3056,1119
$JT,C,43,38829,38829,1791,1265,2942,2162,2412,1029,2236,1445,3029,1877,3055,1083
$JT,C,44,38848,38849,1798,1284,2992,2168,2425,1025,2230,1433,3030,1870,3038,1031
$JT,C,45,38870,38871,1805,1322,3045,2175,2445,1021,2222,1414,3031,1862,3004,974
$JT,C,46,38889,38889,1814,1373,3083,2183,2475,1018,2214,1388,3030,1853,2957,931
$JT,C,47,38911,38911,1824,1426,3102,2194,2514,1021,2203,1350,3023,1841,2907,908
$JT,P,48,12,512
$JT,C,48,38929,38929,1840,1472,3104,2208,2564,1032,2187,1306,3004,1825,2865,899
$JT,C,49,38951,38951,1858,1508,3097,2226,2616,1063,2170,1260,2965,1807,2833,899
$JT,C,50,38968,38969,1864,1533,3090,2231,2658,1110,2164,1222,2912,1801,2809,903
$JT,C,51,38989,38989,1864,1550,3083,2232,2684,1162,2164,1196,2863,1801,2791,909
$JT,C,52,39009,39009,1864,1563,3074,2232,2696,1196,2164,1183,2829,1802,2778,918
$JT,C,53,39028,39028,1865,1573,3058,2233,2698,1207,2164,1180,2818,1803,2768,936
$JT,C,54,39049,39049,1868,1597,3013,2238,2736,1156,2165,1144,2870,1808,2745,981
$JT,C,55,39069,39069,1858,1591,3016,2230,2739,1129,2175,1138,2900,1816,2748,981
$JT,C,56,39089,39090,1853,1581,3020,2223,2728,1083,2181,1147,2948,1821,2757,980
$JT,C,57,39110,39111,1846,1565,3023,2216,2699,1027,2189,1173,3007,1829,2773,979
$JT,C,58,39131,39131,1838,1540,3027,2208,2652,980,2198,1215,3060,1837,2794,979
$JT,C,59,39151,39151,1829,1506,3028,2198,2599,951,2209,1266,3093,1846,2826,982
$JT,P,60,12,512
$JT,C,60,39169,39170,1816,1461,3022,2186,2549,942,2222,1313,3107,1860,2868,994
$JT,C,61,39190,39191,1800,1409,3002,2169,2508,945,2241,1349,3112,1877,2915,1023
$JT,C,62,39210,39211,1787,1360,2962,2154,2477,952,2254,1377,3110,1891,2957,1072
$JT,C,63,39229,39229,1786,1326,2909,2154,2457,958,2254,1398,3104,1891,2990,1123
$JT,C,64,39249,39249,1786,1308,2865,2154,2442,966,2254,1413,3096,1891,3009,1166
$JT,C,65,39269,39269,1785,1301,2842,2153,2432,977,2253,1423,3085,1891,3016,1189
$JT,C,66,39290,39291,1782,1276,2872,2150,2402,1033,2247,1452,3029,1890,3041,1159
$JT,C,67,39307,39308,1783,1260,2903,2155,2404,1032,2244,1452,3029,1885,3058,1127
$JT,C,68,39329,39329,1791,1263,2938,2162,2411,1029,2237,1446,3029,1877,3057,1088
$JT,C,69,39350,39350,1798,1283,2990,2168,2425,1025,2230,1433,3030,1870,3039,1033
$JT,C,70,39370,39371,1805,1322,3045,2175,2445,1021,2222,1414,3031,1862,3005,974
$JT,C,71,39389,39390,1814,1373,3083,2183,2475,1018,2214,1388,3030,1853,2957,931
$JT,P,72,12,512
$JT,C,72,39411,39411,1824,1426,3102,2194,2514,1021,2203,1350,3023,1841,2907,908
$JT,C,73,39429,39429,1840,1472,3104,2208,2564,1032,2187,1306,3004,1825,2865,899
$JT,C,74,39451,39451,1858,1508,3097,2226,2616,1063,2170,1260,2965,1807,2833,899
$JT,C,75,39468,39469,1864,1533,3090,2231,2658,1110,2164,1222,2912,1801,2809,903
$JT,C,76,39489,39489,1864,1550,3083,2232,2684,1162,2164,1196,2863,1801,2791,909
$JT,C,77,39509,39509,1864,1563,3074,2232,2696,1196,2164,1183,2829,1802,2778,918
$JT,C,78,39527,39528,1865,1573,3058,2233,2698,1207,2164,1180,2818,1803,2768,936
$JT,C,79,39549,39549,1868,1597,3013,2238,2736,1156,2165,1144,2870,1808,2745,981
$JT,C,80,39569,39570,1858,1591,3016,2230,2739,1129,2175,1138,2900,1816,2748,981
$JT,C,81,39589,39590,1853,1581,3020,2223,2728,1083,2181,1147,2948,1821,2757,980
$JT,C,82,39610,39611,1846,1565,3023,2216,2699,1027,2189,1173,3007,1829,2773,979
$JT,C,83,39631,39631,1838,1540,3027,2208,2652,980,2198,1215,3060,1837,2794,979
$JT,P,84,12,512
$JT,C,84,39651,39651,1829,1506,3028,2198,2599,951,2209,1266,3093,1846,2826,982
$JT,C,85,39669,39670,1816,1461,3022,2186,2549,942,2222,1313,3107,1860,2868,994
$JT,C,86,39690,39691,1800,1409,3002,2169,2508,945,2241,1349,3112,1877,2915,1023
$JT,C,87,39710,39711,1787,1360,2962,2154,2477,952,2254,1377,3110,1891,2957,1072
$JT,C,88,39729,39729,1786,1326,2909,2154,2457,958,2254,1398,3104,1891,2990,1123
$JT,C,89,39749,39750,1786,1308,2865,2154,2442,966,2254,1413,3096,1891,3009,1166
$JT,C,90,39769,39769,1785,1301,2842,2153,2432,977,2253,1423,3085,1891,3016,1189
$JT,C,91,39790,39791,1782,1276,2872,2150,2402,1033,2247,1452,3029,1890,3041,1159
$JT,C,92,39807,39808,1783,1260,2903,2155,2404,1032,2244,1452,3029,1885,3058,1127
$JT,C,93,39829,39829,1791,1263,2938,2162,2411,1029,2237,1446,3029,1877,3057,1088
$JT,C,94,39850,39850,1798,1283,2990,2168,2425,1025,2230,1433,3030,1870,3039,1033
$JT,C,95,39870,39871,1805,1322,3045,2175,2445,1021,2222,1414,3031,1862,3005,974
$JT,P,96,12,512
$JT,C,96,39889,39889,1814,1373,3083,2183,2475,1018,2214,1388,3030,1853,2957,931
$JT,C,97,39911,39911,1824,1426,3102,2194,2514,1021,2203,1350,3023,1841,2907,908
$JT,C,98,39929,39930,1840,1472,3104,2208,2564,1032,2187,1306,3004,1825,2865,899
$JT,C,99,39951,39951,1858,1508,3097,2226,2616,1063,2170,1260,2965,1807,2833,899
$JT,C,100,39968,39969,1864,1533,3090,2231,2658,1110,2164,1222,2912,1801,2809,903
$JT,C,101,39989,39989,1864,1550,3083,2232,2684,1162,2164,1196,2863,1801,2791,909
$JT,C,102,40009,40009,1864,1563,3074,2232,2696,1196,2164,1183,2829,1802,2778,918
$JT,C,103,40027,40028,1865,1573,3058,2233,2698,1207,2164,1180,2818,1803,2768,936
$JT,C,104,40049,40049,1868,1597,3013,2238,2736,1156,2165,1144,2870,1808,2745,981
$JT,C,105,40069,40069,1858,1591,3016,2230,2739,1129,2175,1138,2900,1816,2748,981
$JT,C,106,40089,40090,1853,1581,3020,2223,2728,1083,2181,1147,2948,1821,2757,980
$JT,C,107,40111,40111,1846,1565,3023,2216,2699,1027,2189,1173,3007,1829,2773,979
$JT,P,108,12,512
$JT,C,108,40131,40131,1838,1540,3027,2208,2652,980,2198,1215,3060,1837,2794,979
$JT,C,109,40151,40151,1829,1506,3028,2198,2599,951,2209,1266,3093,1846,2826,982
$JT,C,110,40169,40170,1816,1461,3022,2186,2549,942,2222,1313,3107,1860,2868,994
$JT,C,111,40190,40191,1800,1409,3002,2169,2508,945,2241,1349,3112,1877,2915,1023
$JT,C,112,40210,40211,1787,1360,2962,2154,2477,952,2254,1377,3110,1891,2957,1072
$JT,C,113,40229,40229,1786,1326,2909,2154,2457,958,2254,1398,3104,1891,2990,1123
$JT,C,114,40249,40249,1786,1308,2865,2154,2442,966,2254,1413,3096,1891,3009,1166
$JT,C,115,40269,40269,1785,1301,2842,2153,2432,977,2253,1423,3085,1891,3016,1189
$JT,C,116,40290,40291,1782,1276,2872,2150,2402,1033,2247,1452,3029,1890,3041,1159
$JT,C,117,40307,40308,1783,1260,2903,2155,2404,1032,2244,1452,3029,1885,3058,1127
$JT,C,118,40329,40329,1791,1263,2938,2162,2411,1029,2237,1446,3029,1877,3057,1088
$JT,C,119,40350,40350,1798,1283,2990,2168,2425,1025,2230,1433,3030,1870,3039,1033
$JT,P,120,12,512
$JT,C,120,40370,40371,1805,1322,3045,2175,2445,1021,2222,1414,3031,1862,3005,974
$JT,C,121,40389,40389,1814,1373,3083,2183,2475,1018,2214,1388,3030,1853,2957,931
$JT,C,122,40411,40411,1824,1426,3102,2194,2514,1021,2203,1350,3023,1841,2907,908
$JT,C,123,40429,40429,1840,1472,3104,2208,2564,1032,2187,1306,3004,1825,2865,899
$JT,C,124,40451,40451,1858,1508,3097,2226,2616,1063,2170,1260,2965,1807,2833,899
$JT,C,125,40468,40469,1864,1533,3090,2231,2658,1110,2164,1222,2912,1801,2809,903
$JT,C,126,40489,40489,1864,1550,3083,2232,2684,1162,2164,1196,2863,1801,2791,909
$JT,C,127,40509,40509,1864,1563,3074,2232,2696,1196,2164,1183,2829,1802,2778,918
$JT,C,128,40527,40528,1865,1573,3058,2233,2698,1207,2164,1180,2818,1803,2768,936
$JT,C,129,40549,40549,1868,1597,3013,2238,2736,1156,2165,1144,2870,1808,2745,981
$JT,C,130,40569,40569,1858,1591,3016,2230,2739,1129,2175,1138,2900,1816,2748,981
$JT,C,131,40589,40590,1853,1581,3020,2223,2728,1083,2181,1147,2948,1821,2757,980
$JT,P,132,12,512
$JT,C,132,40610,40611,1846,1565,3023,2216,2699,1027,2189,1173,3007,1829,2773,979
$JT,C,133,40631,40631,1838,1540,3027,2208,2652,980,2198,1215,3060,1837,2794,979
$JT,C,134,40651,40651,1829,1506,3028,2198,2599,951,2209,1266,3093,1846,2826,982
$JT,C,135,40669,40670,1816,1461,3022,2186,2549,942,2222,1313,3107,1860,2868,994
$JT,C,136,40690,40691,1800,1409,3002,2169,2508,945,2241,1349,3112,1877,2915,1023
$JT,C,137,40710,40711,1787,1360,2962,2154,2477,952,2254,1377,3110,1891,2957,1072
$JT,C,138,40729,40729,1786,1326,2909,2154,2457,958,2254,1398,3104,1891,2990,1123
$JT,C,139,40749,40749,1786,1308,2865,2154,2442,966,2254,1413,3096,1891,3009,1166
$JT,C,140,40769,40769,1785,1301,2842,2153,2432,977,2253,1423,3085,1891,3016,1189
$JT,C,141,40790,40791,1782,1276,2872,2150,2402,1033,2247,1452,3029,1890,3041,1159
$JT,C,142,40807,40808,1783,1260,2903,2155,2404,1032,2244,1452,3029,1885,3058,1127
$JT,C,143,40829,40829,1791,1263,2938,2162,2411,1029,2237,1446,3029,1877,3057,1088
$JT,P,144,12,512
$JT,C,144,40850,40850,1798,1283,2990,2168,2425,1025,2230,1433,3030,1870,3039,1033
$JT,C,145,40870,40871,1805,1322,3045,2175,2445,1021,2222,1414,3031,1862,3005,974
$JT,C,146,40881,40882,1805,1322,3045,2175,2445,1021,2222,1414,3031,1862,3005,974
$JT,C,147,40902,40902,1805,1322,3045,2175,2445,1021,2222,1414,3031,1862,3005,974
$JT,C,148,40922,40922,1805,1322,3045,2175,2445,1021,2222,1414,3031,1862,3005,974
$JT,C,149,40942,40942,1805,1320,3046,2175,2445,1021,2222,1414,3031,1862,3006,973
$JT,C,150,40962,40962,1805,1320,3047,2175,2445,1021,2222,1414,3031,1862,3006,973
$JT,C,151,40982,40982,1805,1319,3047,2175,2445,1021,2222,1414,3031,1862,3006,972
$JT,C,152,41002,41002,1805,1319,3047,2175,2445,1021,2222,1414,3031,1862,3006,972
$JT,C,153,41020,41021,1805,1319,3047,2175,2445,1021,2222,1414,3031,1862,3006,972
$JT,C,154,41042,41042,1807,1322,3049,2175,2445,1021,2222,1414,3031,1863,3005,971
$JT,C,155,41063,41064,1819,1334,3057,2175,2445,1021,2222,1414,3031,1871,2992,962
$JT,P,156,12,512
$JT,C,156,41083,41084,1839,1361,3070,2175,2445,1021,2222,1414,3031,1886,2965,949
$JT,C,157,41103,41104,1868,1402,3079,2175,2445,1021,2222,1414,3031,1907,2926,938
$JT,C,158,41123,41124,1895,1447,3080,2175,2445,1021,2222,1414,3031,1927,2882,934
$JT,C,159,41143,41144,1916,1485,3075,2175,2445,1021,2222,1414,3031,1942,2846,938
$JT,C,160,41163,41164,1927,1506,3071,2175,2445,1021,2222,1414,3031,1950,2826,940
$JT,C,161,41182,41182,1929,1509,3070,2175,2445,1021,2222,1414,3031,1951,2823,941
$JT,C,162,41200,41201,1929,1509,3070,2175,2445,1021,2222,1414,3031,1951,2823,941
$JT,C,163,41220,41221,1929,1509,3070,2175,2445,1021,2222,1414,3031,1951,2823,941
$JT,C,164,41242,41242,1929,1509,3069,2175,2445,1021,2222,1414,3031,1951,2823,942
$JT,C,165,41262,41262,1929,1512,3065,2175,2445,1021,2222,1414,3031,1951,2820,946
$JT,C,166,41282,41282,1929,1516,3057,2175,2445,1021,2222,1414,3031,1951,2816,954
$JT,C,167,41302,41302,1929,1523,3045,2175,2445,1021,2222,1414,3031,1951,2809,966
$JT,P,168,12,512
$JT,C,168,41323,41324,1929,1531,3030,2175,2445,1021,2222,1414,3031,1951,2801,981
$JT,C,169,41343,41344,1929,1539,3015,2175,2445,1021,2222,1414,3031,1951,2793,996
$JT,C,170,41362,41362,1929,1546,3003,2175,2445,1021,2222,1414,3031,1951,2786,1008
$JT,C,171,41382,41382,1929,1551,2994,2175,2445,1021,2222,1414,3031,1951,2781,1017
$JT,C,172,41402,41402,1929,1554,2990,2175,2445,1021,2222,1414,3031,1951,2778,1021
$JT,C,173,41422,41422,1929,1554,2989,2175,2445,1021,2222,1414,3031,1951,2778,1022
$JT,C,174,41440,41441,1929,1554,2989,2175,2445,1021,2222,1414,3031,1951,2778,1022
$JT,C,175,41460,41461,1929,1554,2989,2175,2445,1021,2222,1414,3031,1951,2778,1022
$JT,C,176,41480,41481,1929,1554,2989,2175,2445,1021,2222,1414,3031,1951,2778,1022
$JT,C,177,41500,41501,1929,1554,2989,2175,2445,1021,2222,1414,3031,1951,2778,1022
$JT,C,178,41520,41521,1929,1554,2989,2175,2445,1021,2222,1414,3031,1951,2778,1022
$JT,C,179,41540,41541,1929,1554,2989,2175,2445,1021,2222,1414,3031,1951,2778,1022
$JT,P,180,12,512
$JT,C,180,41560,41561,1929,1554,2989,2175,2445,1021,2222,1414,3031,1951,2778,1022
$JT,C,181,41580,41581,1929,1554,2989,2175,2445,1021,2222,1414,3031,1951,2778,1022
$JT,C,182,41600,41601,1929,1554,2989,2175,2445,1021,2222,1414,3031,1951,2778,1022
$JT,C,183,41620,41621,1929,1554,2989,2175,2445,1021,2222,1414,3031,1951,2778,1022
$JT,C,184,41640,41641,1929,1554,2989,2175,2445,1021,2222,1414,3031,1951,2778,1022
$JT,C,185,41660,41661,1929,1554,2989,2175,2445,1021,2222,1414,3031,1951,2778,1022
$JT,C,186,41682,41682,1929,1554,2989,2175,2447,1019,2222,1414,3032,1951,2778,1022
$JT,C,187,41702,41702,1929,1554,2989,2175,2450,1013,2222,1410,3039,1951,2778,1022
$JT,C,188,41723,41724,1929,1554,2989,2175,2458,999,2222,1403,3053,1951,2778,1022
$JT,C,189,41743,41744,1929,1554,2989,2175,2467,981,2222,1392,3071,1951,2778,1022
$JT,C,190,41763,41764,1929,1554,2989,2175,2476,964,2222,1383,3088,1951,2778,1022
$JT,C,191,41783,41784,1929,1554,2989,2175,2484,950,2222,1377,3102,1951,2778,1022
$JT,P,192,12,512
$JT,C,192,41802,41802,1929,1554,2989,2175,2487,943,2222,1372,3109,1951,2778,1022
$JT,C,193,41822,41822,1929,1554,2989,2175,2489,942,2222,1372,3110,1951,2778,1022
$JT,C,194,41842,41842,1929,1554,2989,2173,2489,943,2221,1372,3110,1951,2778,1022
$JT,C,195,41862,41862,1929,1554,2989,2166,2489,944,2211,1371,3107,1951,2778,1022
$JT,C,196,41882,41882,1929,1554,2989,2152,2490,949,2190,1370,3103,1951,2778,1022
$JT,C,197,41903,41904,1929,1554,2989,2132,2491,956,2163,1370,3095,1951,2778,1022
$JT,C,198,41923,41924,1929,1554,2989,2113,2491,965,2137,1371,3085,1951,2778,1022
$JT,C,199,41943,41943,1929,1554,2989,2098,2491,972,2117,1373,3076,1951,2778,1022
$JT,C,200,41962,41962,1929,1554,2989,2090,2490,975,2106,1374,3070,1951,2778,1022
$JT,C,201,41982,41982,1929,1554,2989,2089,2490,976,2104,1374,3069,1951,2778,1022
$JT,C,202,42000,42001,1929,1554,2989,2089,2490,976,2104,1374,3069,1951,2778,1022
$JT,C,203,42020,42021,1929,1554,2989,2089,2490,976,2104,1374,3069,1951,2778,1022
$JT,P,204,12,512
$JT,C,204,42042,42042,1929,1554,2989,2089,2490,977,2104,1374,3068,1951,2778,1022
$JT,C,205,42062,42062,1929,1554,2989,2089,2487,981,2104,1377,3064,1951,2778,1022
$JT,C,206,42082,42082,1929,1554,2989,2089,2483,989,2104,1381,3056,1951,2778,1022
$JT,C,207,42102,42102,1929,1554,2989,2089,2476,1001,2104,1388,3044,1951,2778,1022
$JT,C,208,42123,42124,1929,1554,2989,2089,2468,1016,2104,1396,3029,1951,2778,1022
$JT,C,209,42143,42144,1929,1554,2989,2089,2460,1031,2104,1404,3014,1951,2778,1022
$JT,C,210,42162,42162,1929,1554,2989,2089,2453,1043,2104,1411,3002,1951,2778,1022
$JT,C,211,42182,42182,1929,1554,2989,2089,2448,1052,2104,1416,2993,1951,2778,1022
$JT,C,212,42202,42202,1929,1554,2989,2089,2445,1056,2104,1419,2989,1951,2778,1022
$JT,C,213,42222,42222,1929,1554,2989,2089,2445,1057,2104,1419,2988,1951,2778,1022
$JT,C,214,42240,42241,1929,1554,2989,2089,2445,1057,2104,1419,2988,1951,2778,1022
$JT,C,215,42260,42261,1929,1554,2989,2089,2445,1057,2104,1419,2988,1951,2778,1022
$JT,P,216,12,512
$JT,C,216,42280,42281,1929,1554,2989,2089,2445,1057,2104,1419,2988,1951,2778,1022
$JT,C,217,42300,42301,1929,1554,2989,2089,2445,1057,2104,1419,2988,1951,2778,1022
$JT,C,218,42320,42321,1929,1554,2989,2089,2445,1057,2104,1419,2988,1951,2778,1022
$JT,C,219,42340,42341,1929,1554,2989,2089,2445,1057,2104,1419,2988,1951,2778,1022
$JT,C,220,42360,42361,1929,1554,2989,2089,2445,1057,2104,1419,2988,1951,2778,1022
$JT,C,221,42380,42381,1929,1554,2989,2089,2445,1057,2104,1419,2988,1951,2778,1022
$JT,C,222,42400,42401,1929,1554,2989,2089,2445,1057,2104,1419,2988,1951,2778,1022
$JT,C,223,42420,42421,1929,1554,2989,2089,2445,1057,2104,1419,2988,1951,2778,1022
$JT,C,224,42440,42441,1929,1554,2989,2089,2445,1057,2104,1419,2988,1951,2778,1022
$JT,C,225,42460,42461,1929,1554,2989,2089,2445,1057,2104,1419,2988,1951,2778,1022
$JT,C,226,42480,42481,1929,1554,2989,2089,2445,1057,2104,1419,2988,1951,2778,1022
$JT,C,227,42498,42498,1929,1554,2989,2089,2445,1057,2104,1419,2988,1951,2778,1022
$JT,P,228,12,512
$JT,C,228,42518,42518,1929,1554,2989,2089,2445,1057,2104,1419,2988,1951,2778,1022
$JT,C,229,42538,42538,1929,1554,2989,2089,2445,1057,2104,1419,2988,1951,2778,1022
$JT,C,230,42558,42558,1929,1554,2989,2089,2445,1057,2104,1419,2988,1951,2778,1022
$JT,C,231,42578,42578,1929,1554,2989,2089,2445,1057,2104,1419,2988,1951,2778,1022
$JT,C,232,42598,42598,1929,1554,2989,2089,2445,1057,2104,1419,2988,1951,2778,1022
$JT,C,233,42618,42618,1929,1554,2989,2089,2445,1057,2104,1419,2988,1951,2778,1022
$JT,C,234,42638,42638,1929,1554,2989,2089,2445,1057,2104,1419,2988,1951,2778,1022
$JT,C,235,42658,42658,1929,1554,2989,2089,2445,1057,2104,1419,2988,1951,2778,1022
$JT,C,236,42678,42678,1929,1554,2989,2089,2445,1057,2104,1419,2988,1951,2778,1022
$JT,C,237,42698,42698,1929,1554,2989,2089,2445,1057,2104,1419,2988,1951,2778,1022
$JT,C,238,42718,42718,1929,1554,2989,2089,2445,1057,2104,1419,2988,1951,2778,1022
$JT,C,239,42738,42738,1929,1554,2989,2089,2445,1057,2104,1419,2988,1951,2778,1022
$JT,P,240,12,512
$JT,C,240,42758,42758,1929,1554,2989,2089,2445,1057,2104,1419,2988,1951,2778,1022
$JT,C,241,42778,42778,1929,1554,2989,2089,2445,1057,2104,1419,2988,1951,2778,1022
$JT,C,242,42798,42798,1929,1554,2989,2089,2445,1057,2104,1419,2988,1951,2778,1022
$JT,C,243,42818,42818,1929,1554,2989,2089,2445,1057,2104,1419,2988,1951,2778,1022
$JT,C,244,42838,42838,1929,1554,2989,2089,2445,1057,2104,1419,2988,1951,2778,1022
$JT,C,245,42858,42858,1929,1554,2989,2089,2445,1057,2104,1419,2988,1951,2778,1022
$JT,C,246,42878,42878,1929,1554,2989,2089,2445,1057,2104,1419,2988,1951,2778,1022
$JT,C,247,42898,42898,1929,1554,2989,2089,2445,1057,2104,1419,2988,1951,2778,1022
$JT,C,248,42918,42918,1929,1554,2989,2089,2445,1057,2104,1419,2988,1951,2778,1022
$JT,C,249,42938,42938,1929,1554,2989,2089,2445,1057,2104,1419,2988,1951,2778,1022
$JT,C,250,42958,42958,1929,1554,2989,2089,2445,1057,2104,1419,2988,1951,2778,1022
$JT,C,251,42978,42978,1929,1554,2989,2089,2445,1057,2104,1419,2988,1951,2778,1022
$JT,P,252,12,512
$JT,C,252,42998,42998,1929,1554,2989,2089,2445,1057,2104,1419,2988,1951,2778,1022
$JT,C,253,43018,43018,1929,1554,2989,2089,2445,1057,2104,1419,2988,1951,2778,1022
$JT,C,254,43038,43038,1929,1554,2989,2089,2445,1057,2104,1419,2988,1951,2778,1022
$JT,C,255,43058,43058,1929,1554,2989,2089,2445,1057,2104,1419,2988,1951,2778,1022
$JT,S,37966,37968,0,0,0,1923,0,-56,2,11200,32,0
$JT,S,37989,37991,1,1,0,1556,0,16,1,11300,31,0
$JT,S,38009,38011,2,2,0,2991,0,24,1,11400,33,0
$JT,S,38029,38031,3,3,0,2094,0,40,1,11400,33,0
$JT,S,38046,38048,4,4,0,2446,150,-48,2,11300,30,0
$JT,S,38066,38068,5,5,0,1054,0,104,2,11400,32,0
$JT,S,38086,38088,6,6,0,2108,0,40,0,11200,32,0
$JT,S,38106,38108,7,7,0,1402,-250,60,4,11300,29,0
$JT,P,264,12,512
$JT,S,38126,38128,8,8,0,3005,250,-116,2,11300,34,0
$JT,S,38146,38148,9,9,0,1946,0,-48,1,11300,33,0
$JT,S,38166,38168,10,10,0,2777,0,-24,1,11300,31,0
$JT,S,38186,38188,11,11,0,1021,0,0,0,11300,33,0
$JT,S,38208,38210,12,0,0,1923,0,-56,2,11200,32,0
$JT,S,38228,38230,13,1,0,1549,-100,60,3,11300,31,0
$JT,S,38248,38250,14,2,0,2991,0,44,1,11400,33,0
$JT,S,38268,38270,15,3,0,2143,300,-104,1,11300,39,0
$JT,S,38289,38291,16,4,0,2510,150,-24,0,11300,30,0
$JT,S,38308,38310,17,5,0,986,-300,108,0,11400,32,0
$JT,S,38328,38330,18,6,0,2108,0,32,0,11300,32,0
$JT,S,38346,38348,19,7,0,1396,250,-48,2,11300,29,0
$JT,P,276,12,512
$JT,S,38368,38370,20,8,0,3056,0,68,2,11300,35,0
$JT,S,38388,38390,21,9,0,1946,0,52,1,11300,33,0
$JT,S,38408,38410,22,10,0,2831,300,-72,4,11200,31,0
$JT,S,38429,38431,23,11,0,1007,-300,120,2,11300,33,0
$JT,S,38449,38451,24,0,0,1912,-250,100,0,11200,32,0
$JT,S,38470,38472,25,1,0,1482,-300,44,3,11300,31,0
$JT,S,38490,38492,26,2,0,3022,300,-112,3,11400,33,0
$JT,S,38510,38512,27,3,0,2216,300,-76,0,11400,33,0
$JT,S,38528,38530,28,4,0,2477,0,-36,3,11300,30,0
$JT,S,38549,38551,29,5,0,1002,350,-112,1,11400,32,0
$JT,S,38568,38570,30,6,0,2154,300,-100,0,11200,32,0
$JT,S,38589,38591,31,7,0,1400,-300,72,5,11300,29,0
$JT,P,288,12,512
$JT,S,38610,38612,32,8,0,2991,-300,84,1,11300,34,0
$JT,S,38630,38632,33,9,0,1880,-300,92,1,11300,33,0
$JT,S,38650,38652,34,10,0,2833,-350,48,0,11200,31,0
$JT,S,38670,38672,35,11,0,948,-150,-28,0,11300,33,0
$JT,S,38691,38693,36,0,0,1844,-300,100,1,11200,32,0
$JT,S,38711,38713,37,1,0,1513,250,-12,1,11300,31,0
$JT,S,38729,38731,38,2,0,3053,-100,100,3,11400,33,0
$JT,S,38749,38751,39,3,0,2198,-200,132,3,11300,33,0
$JT,S,38770,38772,40,4,0,2539,150,-24,0,11300,30,0
$JT,S,38791,38793,41,5,0,1028,-250,104,1,11400,32,0
$JT,S,38808,38810,42,6,0,2222,300,-124,1,11200,32,0
$JT,S,38829,38831,43,7,0,1350,50,-36,0,11300,29,0
$JT,P,300,12,512
$JT,S,38849,38851,44,8,0,3012,300,-96,1,11300,54,0
$JT,S,38871,38873,45,9,0,1858,250,-108,3,11300,33,0
$JT,S,38890,38892,46,10,0,2841,300,-72,4,11300,31,0
$JT,S,38911,38913,47,11,0,1002,300,-92,1,11300,33,0
$JT,S,38930,38932,48,0,0,1787,-100,-28,0,11200,32,0
$JT,S,38951,38953,49,1,0,1471,-300,64,4,11300,31,0
$JT,S,38969,38971,50,2,0,2995,-100,-32,1,11400,33,0
$JT,S,38989,38991,51,3,0,2162,0,-112,3,11400,33,0
$JT,S,39009,39012,52,4,0,2496,-150,-16,0,11300,30,0
$JT,S,39028,39030,53,5,0,1026,300,-104,1,11400,32,0
$JT,S,39049,39051,54,6,0,2220,-250,140,4,11200,32,0
$JT,S,39069,39071,55,7,0,1380,-200,64,3,11300,29,0
$JT,P,312,12,512
$JT,S,39090,39092,56,8,0,2999,-200,116,2,11300,34,0
$JT,S,39111,39113,57,9,0,1841,-300,100,1,11300,32,0
$JT,S,39131,39133,58,10,0,2856,-300,48,1,11300,31,0
$JT,S,39151,39153,59,11,0,987,-250,68,1,11300,33,0
$JT,S,39170,39172,60,0,0,1839,250,-88,1,11200,32,0
$JT,S,39191,39193,61,1,0,1491,250,-40,1,11300,31,0
$JT,S,39211,39213,62,2,0,3025,0,24,1,11400,33,0
$JT,S,39229,39231,63,3,0,2219,100,20,1,11400,33,0
$JT,S,39249,39251,64,4,0,2549,150,-32,1,11300,30,0
$JT,S,39269,39271,65,5,0,1073,0,100,3,11400,32,0
$JT,S,39291,39293,66,6,0,2191,200,-104,2,11200,32,0
$JT,S,39308,39310,67,7,0,1324,-50,-8,0,11300,29,0
$JT,P,324,12,512
$JT,S,39329,39331,68,8,0,2982,250,-124,2,11300,35,0
$JT,S,39350,39352,69,9,0,1848,250,-128,3,11300,33,0
$JT,S,39371,39373,70,10,0,2843,300,-76,3,11300,70,0
$JT,S,39390,39392,71,10,0,2849,300,-60,3,11200,31,0
$JT,S,39411,39413,72,11,0,1028,250,-72,0,11300,33,0
$JT,S,39430,39432,73,0,0,1806,-250,52,0,11200,32,0
$JT,S,39451,39453,74,1,0,1465,-300,64,4,11300,31,0
$JT,S,39469,39471,75,2,0,2973,-150,-32,1,11400,33,0
$JT,S,39489,39491,76,3,0,2174,0,-28,0,11400,33,0
$JT,S,39509,39512,77,4,0,2501,-100,-16,0,11300,30,0
$JT,S,39528,39530,78,5,0,1021,0,-56,1,11400,32,0
$JT,S,39549,39551,79,6,0,2227,-200,160,5,11200,32,0
$JT,P,336,12,512
$JT,S,39570,39572,80,7,0,1362,-100,64,3,11300,29,0
$JT,S,39590,39592,81,8,0,3018,-150,116,2,11300,35,0
$JT,S,39611,39613,82,9,0,1845,-300,108,1,11300,32,0
$JT,S,39631,39633,83,10,0,2864,-250,48,1,11300,31,0
$JT,S,39651,39653,84,11,0,999,-250,112,0,11300,33,0
$JT,S,39670,39672,85,0,0,1837,250,-96,1,11200,32,0
$JT,S,39691,39693,86,1,0,1485,350,-40,1,11300,31,0
$JT,S,39711,39713,87,2,0,3021,250,-44,1,11400,33,0
$JT,S,39729,39731,88,3,0,2219,0,20,1,11300,33,0
$JT,S,39750,39752,89,4,0,2554,150,-32,1,11300,30,0
$JT,S,39769,39771,90,5,0,1061,0,80,2,11400,32,0
$JT,S,39791,39793,91,6,0,2192,150,-104,2,11200,32,0
$JT,P,348,12,512
$JT,S,39808,39810,92,7,0,1314,0,-24,1,11300,29,0
$JT,S,39829,39831,93,8,0,3002,300,-112,2,11300,34,0
$JT,S,39850,39852,94,9,0,1844,300,-132,2,11300,32,0
$JT,S,39871,39873,95,10,0,2849,300,-76,3,11300,31,0
$JT,S,39890,39892,96,11,0,1010,300,-104,2,11300,46,0
$JT,S,39911,39913,97,0,0,1810,-250,76,0,11200,32,0
$JT,S,39930,39932,98,1,0,1466,-300,72,5,11300,31,0
$JT,S,39951,39953,99,2,0,2985,-150,0,0,11400,33,0
$JT,S,39969,39971,100,3,0,2174,-100,28,1,11300,33,0
$JT,S,39989,39991,101,4,0,2509,-200,8,0,11300,30,0
$JT,S,40009,40012,102,5,0,1021,0,-72,1,11400,32,0
$JT,S,40028,40030,103,6,0,2231,0,140,5,11200,32,0
$JT,P,360,12,512
$JT,S,40049,40051,104,7,0,1360,0,44,3,11300,29,0
$JT,S,40069,40071,105,8,0,3007,-300,100,1,11300,34,0
$JT,S,40090,40092,106,9,0,1849,-250,104,1,11300,33,0
$JT,S,40111,40113,107,10,0,2876,-250,52,0,11200,31,0
$JT,S,40131,40133,108,11,0,1003,-300,120,2,11300,33,0
$JT,S,40151,40153,109,0,0,1833,250,-104,1,11200,32,0
$JT,S,40170,40172,110,1,0,1473,300,-48,2,11300,31,0
$JT,S,40191,40193,111,2,0,3021,150,-52,2,11400,33,0
$JT,S,40211,40213,112,3,0,2219,150,24,1,11400,33,0
$JT,S,40229,40231,113,4,0,2556,250,-48,2,11300,30,0
$JT,S,40249,40251,114,5,0,1067,0,48,1,11400,32,0
$JT,S,40269,40271,115,6,0,2188,50,-84,2,11200,31,0
$JT,P,372,12,512
$JT,S,40291,40293,116,7,0,1307,-100,-16,0,11300,29,0
$JT,S,40308,40310,117,8,0,2980,200,-108,1,11300,34,0
$JT,S,40329,40331,118,9,0,1840,300,-128,2,11300,48,0
$JT,S,40350,40352,119,10,0,2849,250,-60,4,11200,31,0
$JT,S,40371,40373,120,11,0,1006,250,-108,2,11300,33,0
$JT,S,40390,40392,121,0,0,1815,-300,84,1,11200,32,0
$JT,S,40411,40413,122,1,0,1465,-300,76,3,11300,31,0
$JT,S,40430,40432,123,2,0,2983,-200,56,1,11400,33,0
$JT,S,40451,40453,124,3,0,2175,-200,52,1,11400,33,0
$JT,S,40469,40471,125,4,0,2517,-250,16,0,11300,30,0
$JT,S,40489,40491,126,5,0,1022,-100,-24,0,11400,32,0
$JT,S,40509,40512,127,6,0,2231,0,108,4,11300,31,0
$JT,P,384,12,512
$JT,S,40528,40530,128,7,0,1357,100,32,1,11300,29,0
$JT,S,40549,40551,129,8,0,3025,0,84,3,11300,34,0
$JT,S,40569,40571,130,9,0,1857,-250,108,2,11300,33,0
$JT,S,40590,40592,131,10,0,2887,-150,32,0,11200,31,0
$JT,S,40611,40613,132,11,0,1010,-300,120,2,11300,33,0
$JT,S,40631,40633,133,0,0,1827,300,-124,3,11200,32,0
$JT,S,40651,40653,134,1,0,1461,300,-48,2,11300,31,0
$JT,S,40670,40672,135,2,0,3015,200,-84,4,11400,33,0
$JT,S,40691,40693,136,3,0,2216,200,-44,0,11400,33,0
$JT,S,40711,40713,137,4,0,2558,300,-44,3,11300,30,0
$JT,S,40729,40731,138,5,0,1066,100,36,0,11400,32,0
$JT,S,40749,40751,139,6,0,2187,-50,-40,1,11200,32,0
$JT,P,396,12,512
$JT,S,40769,40771,140,7,0,1303,-150,16,0,11300,29,0
$JT,S,40791,40793,141,8,0,2992,50,-120,2,11300,35,0
$JT,S,40808,40810,142,9,0,1832,250,-140,3,11300,32,0
$JT,S,40829,40831,143,10,0,2849,150,-64,4,11200,31,0
$JT,S,40850,40852,144,11,0,999,250,-104,1,11200,33,0
$JT,S,40871,40873,145,0,0,1820,-250,96,1,11200,32,0
$JT,S,40882,40884,146,1,0,1468,-300,72,4,11300,31,0
$JT,S,40902,40904,147,2,0,2991,-300,80,1,11400,33,0
$JT,S,40922,40924,148,3,0,2181,-200,96,1,11300,33,0
$JT,S,40942,40944,149,4,0,2529,-300,48,1,11300,30,0
$JT,S,40962,40964,150,5,0,1024,-150,20,1,11400,32,0
$JT,S,40982,40984,151,6,0,2232,0,40,1,11200,31,0
$JT,P,408,12,512
$JT,S,41002,41004,152,7,0,1358,250,-48,2,11300,29,0
$JT,S,41021,41023,153,8,0,3027,0,-40,1,11300,35,0
$JT,S,41042,41044,154,9,0,1866,0,44,0,11300,33,0
$JT,S,41064,41066,155,10,0,2918,300,-72,4,11200,31,0
$JT,S,41084,41086,156,11,0,1017,-250,112,1,11200,33,0
$JT,S,41104,41106,157,0,0,1802,0,-92,3,11200,32,0
$JT,S,41124,41126,158,1,0,1396,-300,60,5,11300,31,0
$JT,S,41144,41146,159,2,0,3017,300,-120,3,11400,33,0
$JT,S,41164,41166,160,3,0,2174,0,0,0,11400,33,0
$JT,S,41182,41184,161,4,0,2457,-250,36,2,11300,30,0
$JT,S,41201,41203,162,5,0,1023,0,24,0,11400,32,0
$JT,S,41221,41223,163,6,0,2227,0,48,1,11200,32,0
$JT,P,420,12,512
$JT,S,41242,41244,164,7,0,1415,50,8,0,11300,29,0
$JT,S,41262,41264,165,8,0,3027,0,-40,1,11300,34,0
$JT,S,41282,41284,166,9,0,1902,300,-140,3,11300,32,0
$JT,S,41302,41304,167,10,0,2935,-250,48,2,11200,31,0
$JT,S,41324,41326,168,11,0,950,-250,64,0,11300,33,0
$JT,S,41344,41346,169,0,0,1864,300,-136,3,11200,32,0
$JT,S,41362,41364,170,1,0,1414,300,-48,2,11300,31,0
$JT,S,41382,41384,171,2,0,3064,-50,68,3,11400,33,0
$JT,S,41402,41404,172,3,0,2174,0,0,0,11400,33,0
$JT,S,41422,41424,173,4,0,2444,0,-8,0,11300,30,0
$JT,S,41441,41443,174,5,0,1023,0,24,0,11400,32,0
$JT,S,41461,41463,175,6,0,2227,0,48,1,11300,31,0
$JT,P,432,12,512
$JT,S,41481,41483,176,7,0,1415,0,8,0,11300,29,0
$JT,S,41501,41503,177,8,0,3027,0,-40,0,11300,34,0
$JT,S,41521,41523,178,9,0,1946,0,-48,1,11300,33,0
$JT,S,41541,41543,179,10,0,2864,-300,48,0,11300,31,0
$JT,S,41561,41563,180,11,0,988,300,-112,1,11300,33,0
$JT,S,41581,41583,181,0,0,1922,50,-56,1,11200,32,0
$JT,S,41601,41603,182,1,0,1485,250,-48,2,11300,31,0
$JT,S,41621,41623,183,2,0,3001,-250,84,2,11400,33,0
$JT,S,41641,41643,184,3,0,2174,0,0,0,11400,33,0
$JT,S,41661,41663,185,4,0,2444,0,-8,0,11300,30,0
$JT,S,41682,41684,186,5,0,1023,0,32,0,11400,32,0
$JT,S,41702,41704,187,6,0,2227,0,48,1,11200,31,0
$JT,P,444,12,512
$JT,S,41724,41726,188,7,0,1415,0,24,1,11300,29,0
$JT,S,41744,41746,189,8,0,3028,50,-80,2,11300,61,0
$JT,S,41764,41766,190,9,0,1946,0,-48,1,11300,32,0
$JT,S,41784,41786,191,10,0,2791,-300,40,0,11300,31,0
$JT,S,41802,41804,192,11,0,1021,0,0,0,11300,33,0
$JT,S,41822,41824,193,0,0,1923,0,-56,1,11200,32,0
$JT,S,41842,41844,194,1,0,1552,150,-8,0,11300,31,0
$JT,S,41862,41864,195,2,0,2991,0,24,1,11400,33,0
$JT,S,41882,41884,196,3,0,2174,0,36,0,11400,33,0
$JT,S,41904,41906,197,4,0,2484,200,-32,1,11300,30,0
$JT,S,41924,41926,198,5,0,976,-350,120,2,11400,32,0
$JT,S,41944,41946,199,6,0,2220,-200,132,4,11200,31,0
$JT,P,456,12,512
$JT,S,41962,41964,200,7,0,1372,-50,0,0,11300,29,0
$JT,S,41982,41984,201,8,0,3088,250,-52,0,11300,34,0
$JT,S,42001,42003,202,9,0,1946,0,-48,1,11300,32,0
$JT,S,42021,42023,203,10,0,2777,0,-8,0,11300,31,0
$JT,S,42042,42044,204,11,0,1021,0,0,0,11300,33,0
$JT,S,42062,42064,205,0,0,1923,0,-56,1,11200,32,0
$JT,S,42082,42084,206,1,0,1555,0,8,0,11300,31,0
$JT,S,42102,42104,207,2,0,2991,0,24,1,11400,33,0
$JT,S,42124,42126,208,3,0,2119,-300,132,2,11400,33,0
$JT,S,42144,42146,209,4,0,2481,-150,32,1,11300,30,0
$JT,S,42162,42164,210,5,0,980,250,-136,1,11400,32,0
$JT,S,42182,42184,211,6,0,2151,-300,136,2,11200,32,0
$JT,P,468,12,512
$JT,S,42202,42204,212,7,0,1397,300,-48,2,11300,29,0
$JT,S,42222,42224,213,8,0,3049,-300,112,1,11300,35,0
$JT,S,42241,42243,214,9,0,1946,0,-48,1,11300,33,0
$JT,S,42261,42263,215,10,0,2777,0,-8,0,11200,31,0
$JT,S,42281,42283,216,11,0,1021,0,0,0,11300,33,0
$JT,S,42301,42303,217,0,0,1923,0,-56,2,11200,32,0
$JT,S,42321,42323,218,1,0,1555,0,8,0,11300,31,0
$JT,S,42341,42343,219,2,0,2991,0,24,0,11400,33,0
$JT,S,42361,42363,220,3,0,2094,0,48,1,11400,33,0
$JT,S,42381,42383,221,4,0,2444,0,-8,0,11300,30,0
$JT,S,42401,42403,222,5,0,1051,250,-48,1,11400,32,0
$JT,S,42421,42423,223,6,0,2108,-50,40,0,11200,32,0
$JT,P,480,12,512
$JT,S,42441,42443,224,7,0,1420,0,8,0,11300,29,0
$JT,S,42461,42463,225,8,0,2990,-150,0,0,11300,35,0
$JT,S,42481,42483,226,9,0,1946,0,-48,1,11300,32,0
$JT,S,42498,42500,227,10,0,2777,0,-8,0,11300,31,0
$JT,S,42518,42520,228,11,0,1021,0,0,0,11300,33,0
$JT,S,42538,42540,229,0,0,1923,0,-56,1,11200,32,0
$JT,S,42558,42560,230,1,0,1555,0,8,0,11300,31,0
$JT,S,42578,42580,231,2,0,2991,0,24,1,11400,33,0
$JT,S,42598,42600,232,3,0,2094,0,48,1,11400,33,0
$JT,S,42618,42620,233,4,0,2444,0,-8,0,11300,30,0
$JT,S,42638,42640,234,5,0,1055,0,-24,0,11400,32,0
$JT,S,42658,42660,235,6,0,2108,0,40,0,11300,32,0
$JT,P,492,12,512
$JT,S,42678,42680,236,7,0,1420,0,8,0,11300,29,0
$JT,S,42698,42700,237,8,0,2990,0,24,1,11300,34,0
$JT,S,42718,42720,238,9,0,1946,0,-48,1,11300,32,0
$JT,S,42738,42740,239,10,0,2777,0,-8,0,11200,31,0
$JT,S,42758,42760,240,11,0,1021,0,0,0,11300,33,0
$JT,S,42778,42780,241,0,0,1923,0,-56,2,11200,32,0
$JT,S,42798,42800,242,1,0,1555,0,8,1,11300,31,0
$JT,S,42818,42820,243,2,0,2991,0,24,1,11400,33,0
$JT,S,42838,42840,244,3,0,2094,0,48,2,11400,33,0
$JT,S,42858,42860,245,4,0,2444,0,-8,0,11300,30,0
$JT,S,42878,42880,246,5,0,1055,0,-24,0,11400,31,0
$JT,S,42898,42900,247,6,0,2108,0,40,1,11300,32,0
$JT,P,504,8,512
$JT,S,42918,42920,248,7,0,1420,0,8,0,11300,29,0
$JT,S,42938,42940,249,8,0,2990,0,24,1,11300,34,0
$JT,S,42958,42960,250,9,0,1946,0,-48,1,11300,32,0
$JT,S,42978,42980,251,10,0,2777,0,-8,0,11300,31,0
$JT,S,42998,43000,252,11,0,1021,0,0,0,11300,33,0
$JT,S,43018,43020,253,0,0,1923,0,-56,1,11200,32,0
$JT,S,43038,43040,254,1,0,1555,0,8,0,11300,31,0
$JT,S,43058,43060,255,2,0,2991,0,24,1,11400,33,0
$JT,END
